   3.75339532    
   2.10916853    
   2.51330233    
   4.08905220    
   3.80389452    
   4.61368227    
   5.07071114    
   3.48014498    
   4.42183828    
   4.69196129    
   3.83290672    
   3.35550690    
   2.79374504    
   3.30338025    
   4.21934557    
   3.84980726    
   4.09255075    
   1.95133865    
  0.867032051    
   2.62837887    
   3.67682886    
   2.87332058    
   5.17061234    
   3.64740562    
   5.21971130    
   4.63029051    
   4.44000149    
   1.40786088    
   1.21574855    
   4.51461029    
   3.57718372    
   1.10239673    
   5.54037380    
   5.57165766    
   5.38107300    
   2.72822618    
   1.19684649    
   5.04658508    
   4.74312115    
   2.46934175    
   6.27769089    
   2.70389366    
   5.48249149    
   2.86878395    
   2.62013674    
   2.33653498    
   2.39777565    
   5.19152069    
   2.83887362    
   1.40656912    
   3.07683969    
   2.88738585    
   2.42490530    
   1.94896781    
   3.50283957    
  0.366797924    
   4.11722612    
   3.24716711    
   3.00575352    
   1.62583637    
   2.61483955    
   6.07436085    
   8.30276012E-02
   2.66430736    
  0.530269623    
   6.16344547    
   4.01767921    
   1.57585311    
   4.24795818    
   3.87734842    
   3.78839207    
   4.97252178    
   1.98158431    
   4.50221062    
  0.524176359    
   5.76146507    
   2.42928958    
   5.22265816    
   2.54379869    
   4.37227297    
   2.19364095    
   4.87296677    
   3.52176952    
   5.29666901    
  0.750144005    
   1.78385079    
   4.48761845    
   2.86475682    
   6.15889645    
   4.19351959    
   2.02530146    
   2.33346367    
   4.16680002    
   2.83718109    
   2.85167456    
   2.51646996    
   3.04085851    
   2.37424660    
   4.93514585    
   1.07595587    
   5.26217747    
   2.95368099    
   2.92194796    
   4.09379387    
   4.98669720    
   6.00267220    
   3.46356082    
   3.92399907    
   5.61969090    
   1.73859274    
   3.39161754    
   2.18381143    
   4.96448040    
   4.11335468    
   1.06848288    
   5.37547731    
  0.744081736    
   4.47548580    
   2.67831326    
   4.85545540    
   5.40464878    
   2.55582595    
  0.407911777    
   3.53517294    
   6.26094007    
   4.45593834    
   4.70137930    
   4.25488424    
   3.23117065    
   3.92311764    
  0.145867348    
  0.190487385    
   2.11327028    
   4.60727787    
   1.76764345    
  0.610581875    
   2.99150085    
   5.00668430    
   4.36198425    
   5.43128681    
   2.31730056    
   3.38020277    
   1.40618622    
   2.37800002    
   1.90672827    
   4.79403830    
   2.57833147    
   5.55568504    
   1.85283613    
   4.06638956    
   4.41227627    
   3.94463396    
   3.15291047    
   3.05044794    
   3.00863624    
   4.75426674    
   5.98779488    
  0.498386621    
   4.21996784    
  0.941812038    
   2.07409525    
   5.01064110    
   1.42607772    
   4.86773396    
   2.80354357    
   1.83921289    
   2.97725677    
   3.06515813    
   4.27874708    
   1.14497733    
   2.36122155    
   4.97553253    
  0.820517063    
   1.56013584    
  0.290880442    
   6.15446186    
   4.56411552    
   3.37460828    
   1.92286730    
   4.77368069    
   3.54567432    
  0.813638210    
   4.74236393    
   5.93510771    
   3.64673996    
   1.72606277    
   3.03265119    
   3.03684211    
   5.25000858    
   4.79059696    
   1.70986819    
   1.60782027    
   5.03076839    
   1.78804994    
   2.20953345    
   2.00137591    
   1.18243456    
   2.56468201    
   3.99163699    
   2.74144983    
   4.89568949    
  0.580538273    
   1.21016705    
   4.85462284    
   4.82240057    
   2.43791008    
   2.81541967    
  0.875922203    
   2.15106821    
   2.58532333    
   4.44648170    
   3.42899799    
   3.83649111    
   3.34232259    
   3.45821571    
   3.78839731    
   4.69099236    
   2.40963745    
   4.40968609    
  0.718156815    
   5.06840611    
   4.18629646    
   4.73238087    
   2.30839014    
   3.25766897    
   1.16260302    
   5.44546890    
   1.61270213    
  0.248859882    
   1.40411437    
   3.24861836    
   5.08189678    
   2.80836058    
   1.98331177    
   3.18962407    
   4.23744869    
   2.54799175    
   1.43071914    
   1.07174444    
   3.78004074    
   4.44866323    
   2.68963099    
   5.18396759    
   4.92831516    
  0.728080034    
   3.55809689    
   4.62881184    
   3.46182823    
   2.21349883    
   3.23114276    
  0.824989796    
  0.741797924    
   2.03807950    
   5.37161446    
   2.57663965    
   4.05080891    
   5.66317940    
   3.14619660    
   2.66947627    
   6.09056282    
  0.451809883    
   5.25765753    
   3.66271615    
   3.20297956    
   3.59377575    
   3.11764884    
  0.925525665    
   6.10456467    
   2.76045394    
   5.09093475    
   2.89458513    
   2.22457361    
   2.96029401    
   4.35960484    
   3.51211500    
   4.82938814    
   3.77662873    
   5.94069195    
   3.65211821    
   1.89363623    
   1.94243145    
   1.45753026    
   2.60236168    
  0.341044664    
   4.11184835    
   2.02028537    
   4.15492058E-03
   5.39438009    
   1.90579081    
  0.334585428    
   3.12275457    
   3.19684839    
   3.67818403    
   6.12260294    
   3.63535357    
   3.89402485    
  0.275432110    
   3.93911266    
   5.26566362    
   1.41467822    
   5.24768925    
   3.68362474    
   6.22095490    
   5.37608767    
   1.90307939    
   4.66086721    
   2.01729774    
   4.33269501    
   2.96678853    
   3.69045115    
   2.99299335    
   1.83981824    
   5.12829304    
  0.283559799    
   3.64059448    
   2.93590474    
   5.21565342    
  0.126069784    
   5.55133057    
   4.85198975    
   1.74615300    
   2.98558068    
   3.54946518    
   2.26237154    
   2.66228676    
   3.04774976    
   2.86218810    
   3.23776221    
   1.21049142    
   3.20868230    
   1.25506628    
  0.471531391    
   1.39560151    
   5.54278851    
   4.91992664    
   6.24419117    
   3.04664493    
   1.81151175    
   5.98285055    
   4.78934002    
   2.62484312    
   1.02687931    
   1.47463572    
   3.96824646    
   6.16052055    
   5.31568336    
   1.36117136    
   1.94607127    
   3.44442153    
   5.98790359    
   4.45789146    
   4.93020916    
   4.03851271    
   1.71214712    
   3.33093739    
   4.23533821    
   5.46587753    
   3.77755880    
   3.06214809    
  0.265750170    
   3.21392274    
   5.93378162    
   5.58591080    
   1.91626215    
   1.46172917    
   4.22102642    
   3.28850055    
   3.36643219    
   3.74948001    
   1.15014052    
   4.54727983    
   3.64934301    
  0.402821302    
   3.17510223    
  0.769942999    
   3.46526074    
   1.54782927    
  0.144644976    
   2.39720082    
   5.12158012    
   5.09963417    
   4.06383657    
   5.35500145    
   2.02538037    
   4.23382616    
  0.603717327    
   4.50378132    
  0.423472881    
   2.79926991    
   1.72462845    
   3.79777813    
   2.83263159    
   4.16154480    
   1.80001426    
   1.76085651    
   1.75312400    
   2.60056210    
  0.904517412    
   2.26421404    
   3.86859322    
   2.49696469    
  0.920173883    
   4.57542706    
  0.182006598    
  0.997484684    
  0.212108850    
   1.06308651    
   1.36209583    
   2.19786692    
  0.924217701    
   3.80330038    
   2.18536234    
   3.07943964    
   3.94045949    
   5.23123455    
   1.79790056    
   3.16384625    
   4.98071957    
   2.85984850    
   4.04526997    
   4.00185013    
   4.02265835    
   3.13646889    
   3.48149371    
  0.242254257    
  0.676131010    
   5.98625755    
   2.04128313    
   1.75493050    
   6.22207832    
   3.96727943    
   3.97899365    
   2.11270046    
   3.66283631    
  0.632132530    
   3.55463028    
  0.480258465    
   3.12824011    
   3.60726643    
   4.27846003    
   2.19684672    
   1.86780286    
   4.76117039    
   5.06877899E-02
   1.97480357    
   2.00652552    
  0.797630310    
   1.29655123    
   5.09236050    
   5.47136116    
   2.78912997    
   3.12159705    
   2.50910139    
   2.52094436    
   4.03730679    
   4.99155807    
   2.51796389    
   5.06713533    
   4.69670916    
   3.57957292    
   2.28552699    
   2.89155865    
   3.77006555    
   2.69365406    
   3.16587019    
   2.61247158E-02
   4.08084583    
   2.03649092    
   4.92725945    
   2.07907796    
   4.13319397    
   5.43265438    
   4.39124584    
   1.08257890    
  0.539015055    
   1.69939148    
   2.64532971    
   2.60247898    
   4.10630512    
   1.72751236    
  0.133541822    
   3.85207939    
   4.13997841    
   2.56044912    
   1.39808965    
   6.17502451    
   5.22338820    
   2.79011917    
   2.82673931    
   1.50383258    
  0.692489862    
   5.02976751    
   4.78339005    
   2.62640524    
   6.10493326    
   4.66028261    
   1.22803760    
   3.81862879    
   5.98426723    
   6.03296328    
   2.57280302    
   2.60553074    
   2.92688012    
   3.49502420    
   4.08015537    
  0.109628916    
   1.49920261    
   2.15456486    
  0.550332785    
   1.33384502    
   5.67565346    
   1.12576342    
   3.57606292    
   3.81220579    
   3.10742617    
   4.65239906    
  0.177559137    
   3.93338728    
   2.69694185    
   5.81755495    
   3.72813296    
   2.35326672    
   5.13215256    
  0.511511087    
   4.42447710    
  0.177462101    
   3.56190777    
   3.56915069    
   3.87966204    
   4.14527798    
   4.07966757    
   1.62059844    
   3.23310614    
   4.04296207    
  0.123562574    
   1.77466679    
   2.36513400    
   3.17214489    
  0.976548195    
   1.26508236    
   3.31926441    
  0.413535357    
   1.52584767    
   2.68065929    
  0.140267849    
   3.52120161    
   4.15005589    
   5.98209810    
   1.80351508    
  0.313404083    
   2.69461989    
   2.61552811    
   1.09421682    
   2.89980721    
   2.04811716    
   2.57174993    
   5.80120087    
   4.27019978    
   3.67913580    
   2.52533102    
   1.00084782    
  0.629346371    
  0.503470898    
   3.63807917    
   2.43987346    
   4.71395302    
   3.46216965    
   4.63754845    
   3.75734067    
   3.97814536    
   2.60034871    
   4.93813610    
   4.53739166    
   3.50809312    
  0.661967754    
   4.18931770    
   2.71504235    
   2.35438824    
   2.96128225    
   5.23504257    
   4.81061649    
   5.15344810    
   2.09824610    
   4.34853888    
   5.34325314    
   5.47006130E-02
  0.862016916    
   2.77615094    
   1.23942041    
   3.58244872    
   2.36702847    
   4.86355829    
   3.04660225    
   1.62821889    
   3.85784984    
   2.89114666    
   1.44549334    
   2.90234208    
   4.99542570    
   4.86389828    
   3.45842409    
   3.29586124    
   5.44006872    
   1.82051849    
   2.14370108    
   3.80939817    
   3.85443830    
   2.24486113    
   2.06994629    
   2.47981405    
  0.534645081    
  0.714713812    
   2.82663441    
   2.52683973    
   1.79256654    
   2.48426318    
  0.640965462    
   1.56052446    
   4.52877235    
   3.98774815    
   3.87344193    
   4.37664700    
   4.48932838    
   2.90113664    
   3.68271780    
   3.10088539    
   5.45717859    
   3.22190833    
   2.56255889    
   1.50890481    
   4.22177887    
   4.79898787    
   4.39696312    
   6.18253994    
   2.40931654    
   1.52750373    
   1.49762797    
  0.971205235    
   4.26763582    
   2.46036649    
   1.53299630    
   2.47309971    
   2.68063211    
   2.22194815    
   3.11526966    
   3.79806161    
   2.87070704    
   3.47602105    
   2.86486006    
   1.26037180    
   3.24232769    
   3.90743828    
   1.64355886    
  0.151766777    
   3.89040518    
   2.21295738    
   3.19907546    
   2.40912986    
   3.88774538    
  0.863677263    
   4.91641712    
   1.59332883    
   3.44523072    
   5.95790005    
  0.192716837    
   3.30431485    
   4.71706581    
   5.80779648    
  0.193237782    
   1.19782448    
   4.15059471    
   2.77626705    
   2.49587560    
   1.21347737    
   4.64479542    
   2.92892790    
   4.70567322    
   4.85940313    
  0.399817705    
   2.08303380    
   2.56595683    
   2.05137706    
   3.48671770    
   5.49349499    
   2.28256369    
   3.27351809    
   3.72670269    
   5.28283596    
   5.20128250    
   1.78719926    
   5.15706444    
   1.63907170    
   4.80884981    
   6.58595562E-02
   3.18366337    
   2.51926517    
   3.30746913    
   2.38022423    
   1.73456740    
   1.96500897    
  0.447407246    
   2.16161084    
   1.79794431    
   1.71275413    
   1.50992560    
   2.21587658    
   3.24847078    
   1.95644248    
   3.33757067    
   5.43331480    
   2.18414450    
   3.33331227    
   4.11927891    
   2.16774130    
   2.11410046    
   4.06508350    
   1.66098905    
  0.235125542    
   1.52361381    
   3.89336061    
   5.96685266    
   3.73123980    
   5.04900455    
   5.07354116    
   3.40760851    
   5.33675385    
   1.42802203    
   1.71299660    
   3.33161974    
   4.09937000    
   4.07222652    
   3.56431413    
   2.98480129    
   2.99330497    
  0.596870661    
   6.01988506    
   2.00670552    
   2.83511305    
  0.199599743    
   1.80956590    
   4.56814098    
   4.48204947    
   5.77438545    
   2.80456185    
   1.99844444    
   5.37523651    
   4.54151106    
   1.08849502    
   4.50501490    
   3.08722377    
   3.78708220    
   5.51071119    
   2.34675741    
   5.56300497    
   2.52835369    
   3.70491552    
   5.18499947    
   6.06174469    
   2.84385180    
   2.89657497    
   5.48979568    
   1.37985504    
   4.36395025    
   4.20605183    
   2.71927023    
   3.52328897    
   4.62847567    
  0.290851355    
   3.65102577    
   2.50208664    
   3.11934996    
   2.18324828    
   4.58417892    
   2.88180161    
   4.46954632    
   2.02166510    
   1.99895930    
   3.80835295    
   2.62361670    
  0.846766233    
   2.30783415    
  0.360230684    
   3.94591808    
   4.86435032    
   4.12061071    
  0.938876629    
   1.83804595    
   4.67077541    
   3.57991266    
   3.34783864    
   2.61638212    
   5.22712898    
   2.36888123    
   2.34405684    
   5.42721272    
   3.54459715    
   1.42125344    
   3.72760844    
   4.61502171    
  0.871961117    
   4.75033855    
   2.89440656    
   4.19449425    
   5.16136599    
   2.93922806    
   5.56557560    
   4.05436134    
  0.365071058    
   5.60995531    
   2.04331636    
   4.19152355    
   4.55150080    
   3.55149579    
   5.38468838    
   4.80413818    
   3.82830310    
   1.57335508    
   2.84161234    
   3.38415480    
   3.16684723    
   1.66002929    
   1.03338623    
   5.44954872    
   5.29717875    
   2.42005014    
   2.92807937    
   1.98529434    
   6.16593456    
   2.70374727    
  0.313106775    
   1.67641377    
   3.47635913    
   4.02051306    
   1.98775494    
   2.36723614    
   2.01894283    
   5.10520267    
   3.02306700    
   1.94222760    
   4.91847754    
   1.78746498    
   4.58255100    
   2.00122261    
   5.23921061    
  0.781440735    
  0.102958679    
   4.98258924    
   5.44551468    
   2.83121586    
   2.81426239    
   1.64949346    
   1.62372601    
   4.44737339    
   4.01167822    
   3.33224845    
   2.92445493    
   6.10387802    
   4.13945055    
  0.549868107    
   1.35677302    
   1.54912317    
   5.85262537    
   1.63684332    
  0.930749893    
   3.39330626    
   2.62302995    
   1.70420957    
   3.81502771    
   2.29117084    
   1.40034652    
   3.80903101    
   4.11837673    
   4.80327129    
   3.10737920    
   1.62830293    
   1.89099467    
   2.29741859    
   4.15752554    
   5.93379021    
  0.236572027    
   4.39478874    
   5.13919306    
   4.00381470    
   4.01789522    
  0.153448105    
   5.51123810    
   4.27456856    
   3.93525219    
   3.58889198    
   4.19705296    
   1.34189427    
   1.51523745    
  0.590945721    
   1.05124807    
   3.22304082    
   6.26180077    
   3.61496043    
   3.45993829    
   5.74026680    
   3.35355997    
   4.56953859    
   3.16778803    
   2.14267492    
   4.99485683    
   2.36154222    
   3.94286394    
   2.24828553    
   6.28086662    
   3.28601027    
   6.19891167    
  0.234938383    
   2.40163994    
   1.32673585    
   6.22949409    
   4.27979422    
   5.55185318    
   5.05688381    
   2.57338333    
   2.69901705    
   1.48529291    
   2.92571306    
   3.07069039    
   3.71173406    
  0.425491571    
   5.30237722    
   6.24640179    
   6.18448687    
   1.73980963    
   2.17132330    
   2.34086943    
   2.41784811    
   5.06434488    
   3.77960515    
   2.81395173    
   3.17047834    
   9.81194973E-02
   2.83293533    
   2.29463124    
   1.64758062    
   3.34566593    
   1.79465210    
   1.74737072    
   3.06460667    
   3.70065165    
   3.55133629    
   2.73542333    
   3.02672267    
  0.725731850    
   1.80049253    
   5.79849529    
   6.03757000    
   4.42546558    
   6.23268127    
   1.82035100    
   5.51252270    
   3.53808188    
   1.16456008    
   2.16874027    
   3.97798157    
   5.87281322    
  0.268249512    
   3.12232590    
   3.99536872    
   4.54032612    
   4.29548025    
   2.46303225    
   3.66342759    
   5.96268988    
   4.83523369    
   1.85271001    
   3.93085170    
   5.08968353    
   1.03536320    
   3.75471449    
   3.78557825    
   3.06335974    
   3.54454899    
   2.97629833    
   1.18577480E-02
  0.720255852    
   5.71371984    
   3.04789805    
  0.268772125    
   4.32793903    
  0.250613213    
   5.50829029    
   4.33845901    
   5.91703606    
   2.99595737    
   3.90630913    
   2.34976435    
   1.28423452    
   5.01502323    
   2.10664058    
   3.14753032    
  0.641263962    
   3.34310150    
   2.29204321    
   3.58594346    
  0.566651821    
   1.47638786    
   3.71248794    
   3.83373642    
  0.837743044    
   4.24582767    
   3.88502240    
   4.84919453    
   1.86084235    
   2.13187361    
   2.01049089    
   5.25573349    
   2.32380128    
   1.49619770    
  0.416536093    
   3.21474028    
   5.72247362    
   5.01234341    
  0.224723577    
   3.94303942    
   5.76462936    
  0.930188894    
   4.40373850    
   1.89908862    
   1.59382594    
   4.02568626    
   2.58990741    
   4.02267838    
   3.55974722    
   5.55763245    
   4.66581583    
   3.55292559    
   1.57990885    
  0.299911737    
   1.99341691    
   4.13029480    
   3.41281414    
   5.87839985    
   1.67575502    
   6.23620033    
   3.18175387    
   4.79234648    
   3.20009351    
   2.47854280    
   4.72011280    
   5.33487511    
   1.96640611    
   5.01496792E-02
   2.72743630    
   6.18460798    
   1.85250425    
   6.00776005    
   5.01931763    
   2.62758780    
   5.50792313    
   5.04390240    
   5.61207294    
   4.28732061    
   1.42422378    
   4.55826378    
   2.24538159    
   4.44281101E-02
   3.12389684    
   2.95991063    
   1.84199321    
   5.55513668    
   2.56863689    
   4.79848909    
  0.277025700    
   4.78492165    
  0.729371786    
   5.12008905    
   1.72136950    
   2.07061100    
   1.83616364    
   5.82436371    
   5.22596836E-02
   2.44697309    
   1.73523438    
   5.94836617    
   5.19678211    
   1.27970314    
   3.28872013    
   1.43417716    
   3.20883870    
   5.76413441    
   4.31757545    
   3.92350173    
   1.41153765    
   3.08060408    
   4.26796675    
   5.42956352    
  0.749047756    
   3.54646373    
   2.55412960    
   1.56392169    
   5.12466812    
   4.06418800    
   2.55115509    
   3.40328670    
   2.94046950    
   3.88811588    
   3.60851884    
   4.49210644    
   2.85095716    
   2.31537080    
   3.16149354    
   1.12300920    
   2.97130370    
   4.29798174    
   4.38935089    
   2.17373276    
  0.671359777    
  0.126191139    
   4.06748772    
  0.566459179    
   2.37095904    
  0.687406063    
   1.34981215    
   3.27977657    
   4.05922699    
  0.813503981    
   2.81528139    
   2.69331884    
   2.62187004    
  0.681895733    
   4.45206404    
   2.89377522    
   3.06916285    
   4.74670982    
   3.65848017    
   4.93405867    
   4.65980959    
   2.45248246    
   3.01576161    
  0.895323515    
   1.99803042    
   6.27808475    
   4.76114655    
   4.26784611    
   3.97277212    
   3.28535867    
   3.83792090    
   3.19710588    
   1.82100308    
   4.53010845    
   1.03438759    
   1.35237849    
   5.16919136    
   2.38697958    
   2.30454159    
   4.89731598    
   6.16841888    
   2.50758123    
   4.07680750    
   4.94405842    
   1.37612355    
   1.40133357    
   1.52460253    
   2.96699691    
   4.61243200    
   1.85490322    
   3.40234327    
   3.09195304    
   2.25624704    
   3.84492970    
   1.82751584    
   3.42652035    
   3.53149462    
   3.49756193    
  0.430764198    
  0.734315395    
   1.23708963    
   5.67759132    
   3.54288507    
   5.33594227    
  0.972450256    
   5.26626778    
   3.52670169    
  0.604117870    
   3.13572049    
   2.88734365    
   5.02144051    
   4.59954596    
   5.05076742    
  0.725325108    
   4.99362659    
   3.94695473    
   1.05914402    
   3.31554604    
   3.87886238    
   2.45504022    
   3.01545858    
   4.08484840    
   2.36860442    
   4.63822746    
   4.58487034    
   4.68239498    
   5.49862099    
   4.07161522    
   5.35034752    
  0.352290869    
   4.30156517    
   2.61541176    
   3.52764368    
   5.33805084    
   2.39816236    
   1.26611614    
   2.78642011    
   5.06288242    
   4.68959141    
   2.45025492    
   2.44141102    
   4.19053268    
   4.66147041    
   4.15854168    
   4.80877256    
   3.98584795    
   2.98052120    
   3.06123471    
   4.12521029    
   2.93873119    
  0.465377569    
   3.23320651    
   3.23439932    
   4.95036983    
   1.81759119    
   2.56629658    
   1.46683657    
   2.56132126    
   3.32773161    
   3.68419170    
   1.83425868    
   3.04729867    
  0.297232866    
   4.26866198    
   3.74326897    
   4.43248701    
   2.27056456    
   3.52379990    
   4.11464357    
   4.31090498    
   2.53610277    
   4.27474880    
   1.96020746    
   3.44704723    
   2.55517960    
   4.30328178    
   3.69392824    
   4.95704412    
   1.07851529    
   2.08248663    
   1.09617043    
   2.72999716    
   2.60193610    
   4.59347582    
   5.47110367    
  0.645596266    
   3.05821633    
   3.22174096    
   5.27810383    
   3.39956260    
   4.69757128    
   3.47285724    
  0.874703407    
   6.12587404    
   5.76114464    
   2.75303030    
  0.386891842    
   2.88680935    
   2.35442209    
   1.66031611    
   3.08523011    
   8.61597061E-02
   1.15248692    
   3.12148118    
   4.21095467    
   4.69883251    
   3.76855779    
   4.92241478    
   1.47113490    
   2.31275606    
   3.84012055    
   1.42954063    
   1.86439943    
   2.40168595    
   3.00884676    
   1.67598557    
   1.07454014    
   1.69514668    
   2.90458536    
   3.89345050    
   2.18019128    
   4.87699223    
  0.552621841    
   4.86626196    
   2.86325359    
   5.47641373    
  0.119539499    
   3.51136017    
   1.48498356    
   2.88156509    
   1.52708805    
   3.16504860    
   3.62020850    
   1.67056727    
   1.07454109    
   4.26894379    
   3.02160120    
   1.77223539    
   2.85130262    
   1.43404567    
   4.61902380    
  0.336423397    
   3.33314776    
   4.92302465    
   3.65622616    
   4.19794559    
   2.85343242    
   1.78112161    
   1.69162977    
   6.14483166    
   1.11493373    
  0.279237270    
  0.362328529    
   3.51740742    
   3.57406807    
   1.25682700    
   1.94920039    
   6.28233719    
   5.06513643    
   1.30442345    
   3.90131998    
   5.06308556    
   3.69257402    
   5.38484192    
   1.63498020    
   5.49763298    
   2.03150630    
   3.94871473    
   4.51269245    
   5.01800203    
   3.76394916    
   1.44391620    
   6.02427626    
   3.33146811    
   3.59404063    
   2.58670878    
   1.26349497    
  0.575598955    
  0.374676228    
  0.402408123    
   2.37441850    
   2.51766920    
   2.10282993    
   2.89577103    
   2.90750003    
   6.85279369E-02
   2.65671825    
  0.756866455    
  0.284542561    
   3.10269189    
   4.06949663    
   3.85535049    
   3.22272301    
   4.72498846    
   3.43813586    
   2.40030813    
   4.26126003    
   3.91383791    
   4.82084084    
   3.50686264    
   3.32370591    
   2.01506567    
   1.68524694    
   3.84728336    
   3.55490518    
   2.37977910    
   1.70001316    
   2.76879263    
   2.49700475    
   2.85587525    
   2.01873302    
   4.97067165    
   1.55362678    
   2.27986455    
   4.22475147    
   3.54999924    
  0.577821255    
   2.59479094    
   4.35737610    
   3.72245169    
   1.54137981    
   5.31959772    
   2.59242487    
   2.66955328    
   3.88447666    
   4.61029625    
   5.27706480    
   5.29214287    
   3.30647278    
   1.44160497    
   4.01584768    
   2.47462606    
   2.12801838    
  0.247949123    
   5.41938400    
   2.82495713    
   3.82649112    
   3.56523275    
   1.23872733    
   3.34419489    
   3.54711103    
   1.19139290    
   5.49731445    
   1.97388530    
   2.29898286    
  0.901305199    
   3.41621280    
   3.08100343    
   3.72545648    
   5.55679131    
   2.59608150    
   5.19903278    
   3.54647875    
   4.78262234    
   4.26064968    
   3.17240143    
   2.17902923    
   5.63731241    
   4.57305098    
   3.31508327    
   8.97455215E-03
   1.59876978    
   2.48616982    
   1.15169680    
   5.72233391    
   5.22330046    
   4.92271900    
   4.28695822    
   1.98408771    
   2.40201592    
   4.78384161    
   3.30138183    
   1.96571279    
   5.65107203    
  0.455570698    
   1.72874689    
   4.46661997    
   4.27557421    
   3.48367548    
   2.81619835    
   5.57986546    
   2.75967503    
   2.60632753    
   1.68684387    
   3.00620031    
   4.47015858    
   2.52678490    
   1.52750373    
   1.22821999    
  0.465871572    
   4.19458199    
   3.89571285    
   4.56202126    
  0.942720413    
   5.75282669    
   1.10792327    
   2.09269142    
  0.649596930    
   4.52575684E-02
  0.971215248    
   2.59366798    
   3.19415402    
   2.49330759    
   5.37490559    
   3.32139826    
   4.39084959    
   2.63638496    
   4.03388119    
   3.24884558    
   3.68651175    
   4.60700083    
   3.20148277    
   4.60164261    
   2.02724242    
   2.98763180    
   3.72450042    
   1.34335494    
   2.85925984    
   4.00559855    
  0.963525295    
   5.70749187    
   4.07605314    
  0.696559191    
   3.24226713    
  0.455945969    
   1.23666191    
   5.09996510    
   2.46333814    
   4.56652737    
   4.62820816    
   3.15774798    
   5.64851475    
   5.09519958    
   3.39915371    
   5.33349037    
   3.36315060    
   5.23093605    
   2.76225567    
   6.26967335    
   5.75540304    
   3.83105278    
   5.65156937    
   5.40519667    
  0.416596174    
   3.31222463    
   5.39120579    
  0.183502436    
   2.74313354    
   2.48659372    
   3.91313958    
   1.44870782    
   1.57838023    
   1.67882919    
   2.87602568    
   1.00350332    
   1.96434557    
   2.13731503    
  0.119541883    
   3.00175047    
   1.40284956    
   2.23753357    
   3.51180482    
   3.21256304    
   1.25731635    
   4.34635973    
   2.80102944    
  0.572863817    
   6.00785255    
   1.74590468    
   3.91185403    
   4.09321451    
   2.88913250    
   2.04296231    
   3.46760321    
   2.50612116    
   3.63421440    
   4.88904095    
   5.76025867    
   1.12498212    
   4.40563774    
   3.44935226    
   1.71989405    
   4.30098677    
   2.43603802    
   2.62631345    
   4.84170294    
   4.56005812    
   3.07395148    
   2.37611699    
   5.47636032    
   4.88026142    
   3.58764720    
   3.79874802    
   6.27326584    
   4.03935528    
   3.56590772    
   3.46124697    
   5.64121389    
   2.97105885    
   1.09227371    
   3.49824405    
   5.97012186    
   5.51636124    
   2.92342901    
   2.62575293    
   5.79113960    
   3.33796525    
   1.90096235    
   6.01781940    
   2.85723782    
   4.32324696    
   3.89875484    
   5.66588783    
   5.11553049    
   4.77859879    
   5.90803146    
   1.96707380    
   2.63535905    
   4.58871603    
   3.99053288    
   3.87813902    
   3.23595572    
   3.93091726    
   4.26622677    
   2.23843002    
   2.86714244    
  0.337681770    
   4.83040571    
   2.71484637    
   4.88393974    
   2.94660926    
  0.366151810    
   2.37236023E-02
   2.99707341    
   2.65356588    
   4.77338743    
   3.00942588    
   4.01306200    
  0.597548008    
   4.72405720    
   2.87072277    
   1.26046062    
   3.29024363    
   3.55543065    
   5.20010328    
   4.07005215    
   6.24098206    
  0.507175446    
   3.24051189    
   4.16475010    
   3.31307983    
   2.39247012    
   2.30197906E-02
   2.48289394    
   4.38275290    
   4.89227009    
  0.592615604    
   5.92585230    
   3.14481044    
   4.19493294    
   3.88187313    
   4.90911150    
   1.36849904    
   2.23118353    
   5.25458622    
   1.94229531    
   2.60603738    
   5.86214924    
  0.909335375    
   4.92841625    
   3.80098629    
  0.245889425    
   1.77323508    
   3.82399058    
   3.85237288    
   3.72688556    
   4.13661861    
   5.43364143    
   4.50411987    
   4.01855183    
   2.85736728    
   3.41781521    
   2.07488537    
   1.58681786    
   2.49036098    
   2.40871143    
   4.98931599    
   6.12151527    
   1.97102559    
   2.31445861    
   3.43762183    
   2.76498461    
   3.17988586    
   2.46004629    
   4.21612453    
   4.48598480    
   4.27739048    
   4.69928503    
   1.88358092    
   1.01941919    
   3.58788204    
  0.231510162    
   5.08470345    
   5.26423025    
   5.72387886    
   3.65715742    
   1.60474610    
   5.13865709    
  0.465800762    
   5.33506870    
   3.97657132    
   1.04276657    
   3.62560987    
  0.183765173    
   2.98642111    
  0.575845718    
   3.69491410    
   3.24153209    
   3.40909910    
  0.448219061    
  0.742208481    
   3.98777032    
   1.51610839    
   2.93790936    
   4.08403349    
   2.36926341    
  0.692669630    
   6.07672548    
   2.31327415    
   1.53547215    
   5.06698084    
   3.37949467    
   1.00746870    
  0.809181213    
   3.28382421    
   6.18468475    
   3.56031942    
   5.24086571    
   5.53046989    
   3.53957939    
   6.07297325    
   3.22179008    
   4.95902634    
   4.15176630    
   3.18954945    
   1.08331537    
   3.94728756    
   2.15792489    
   3.91417742    
   2.56555843    
   2.01944375    
  0.678318024    
   4.45070267E-02
   3.55096841    
   1.80633008    
   4.10572290    
   1.45656395    
   4.45087194    
   1.21323526    
   5.01519585    
   3.53885031    
   3.67903852    
   1.99533391    
   1.66909122    
   2.67184281    
   3.13259315    
   2.94325066    
  0.379279137    
  0.789525032    
   3.42546988    
   4.56604576    
   3.04751849    
   2.89107680    
   3.63409281    
   6.19450808    
   1.73537803    
   2.20291567    
  0.704082966    
   2.12672257    
   4.38032007    
   6.27721262    
   1.40619218    
   6.06781292    
   1.86128724    
   2.74550915E-02
   2.72774148    
  0.905696392    
   3.07324624    
   4.10004902    
   5.68510437    
   4.07489252    
   1.52170062    
   1.26406825    
   1.45484316    
   2.53425407    
   3.27312875    
   6.10276508    
   3.07901788    
   2.77294779    
   2.58883810    
   5.61852551    
   2.34087658    
   1.31263304    
  0.199255943    
   5.29795504    
   5.48976612    
   3.30872464    
   3.05402207    
   5.40881872    
   2.85910368    
   4.27341223    
   1.56362796    
   3.41399550    
   4.38338947    
   3.43627119    
   3.74870014    
   3.44787312    
   2.69558287    
   1.59257185    
   3.91796398    
   1.20666409    
   6.22256470    
   4.26054668    
   4.75965977    
   2.06678700    
   3.68923116    
   2.67380929    
   1.45872474    
   3.93573618    
  0.988617182    
   5.83665466    
   3.22016597    
   3.06428194    
   2.55581284    
   4.55949974    
   7.07869530E-02
   4.20462418    
   6.15244579    
   2.73455882    
   6.16692352    
  0.240843058    
   5.27328014    
   3.30317783    
   6.23219919    
   3.14972401    
   3.16551638    
   3.40438223    
   5.68122721    
   3.16238403    
   2.10068679    
  0.193119764    
   5.75287437    
   1.43781257    
   3.12370586    
   5.35218620    
   6.00457048    
   3.00412607    
   4.09772730    
   6.07161331    
   2.91858506    
   5.87943840    
   3.00557899    
   3.50627637    
   4.97772217    
   3.65019393    
   3.46533918    
   2.63937378    
   2.18855095    
   1.79599285    
   4.19866133    
   5.25535345    
  0.605888844    
   4.03608799    
   3.72501111    
   2.30622411    
   4.33914042    
  0.229940891    
   5.83386135    
   4.45919609    
   2.07302690    
  0.213627100    
   3.73551679    
   3.94207501    
   3.44720864    
   3.82058406    
   3.55979991    
   2.77783608    
   2.81235576    
   3.33309269    
  0.931978703    
   4.15780306    
   1.30370760    
   3.07306242    
   3.50042772    
   3.02113938    
   2.80505633    
   1.04185104    
   4.10926914    
   4.00818729    
   3.23434162    
   3.02048397    
   2.69045281    
   5.66806984    
   4.14566183    
   3.63597035    
   1.47727227    
   2.60297012    
   4.83297348    
   1.36068320    
   5.48913765    
   5.83292389    
   4.56732368    
   4.47578049    
   1.90160358    
   4.29802036    
   2.97980809    
   1.68348694    
   2.45536923    
   3.42837977    
   2.14948797    
   2.21481538    
   1.77075338    
   2.08459997    
   5.79710007    
   1.90101123    
   2.76486349    
   3.31766415    
   4.62501192    
   1.82017624    
   4.05986547    
   5.88191414    
   4.79581308    
  0.903450727    
   2.75031304    
   2.36863852    
   4.54722309    
   3.11554980    
   1.83408642    
   1.45546520    
   1.87366223    
   4.39782047    
   4.90242767    
  0.110902309    
   5.11376762    
   1.08906102    
   3.27245164    
   5.92822933    
   6.05051708    
   1.49976027    
   5.87853432    
   3.24046969    
   3.28979421    
   3.22275829    
   3.65847826    
   4.32721043    
  0.382362366    
   4.18695688    
   4.55756950    
   2.58777738    
   1.81747508    
   4.03399372    
  0.801725626    
   2.33361006    
   2.53824210    
   3.74713993    
   2.13379407    
   1.85264993    
   2.88536119    
  0.870783806    
   3.06612754    
   1.74840248    
   2.51294398    
   3.12398815    
   1.22378480    
   3.41656709    
   2.87434006    
   3.77663851    
   2.47382164    
   4.12749767    
   1.05045342    
   3.24564099    
   3.75500584    
   1.84643769    
   1.76837802    
   1.21371841    
  0.191904068    
   3.71140528    
   1.90407622    
   2.89088821    
   2.84392023    
   2.18624163    
   2.29229259    
   2.83373046    
   3.32402563    
   2.55493736    
   5.54338646    
   5.44402742    
   3.51729703    
  0.914001465    
   3.29639959    
   3.66321611    
  0.866387367    
   2.30783963    
   1.70569432    
   2.70282269    
   3.25849175    
   5.22598362    
   5.84621239    
   5.34932661    
   5.46473980    
  0.841484785    
   1.64242125    
   2.57764912    
   4.92610979    
  0.855550289    
   2.98448586    
   4.40226078    
  0.670430422    
   2.36208153    
   4.14569330    
   5.80966330    
   4.58709192    
   3.40670800    
   2.99543738    
   1.18584359    
   2.94976139    
   4.00704861    
   2.71280766    
   2.65004635    
