  0.481344134    
   2.15077877    
  0.304966807    
 -0.676347554    
   2.47637749    
  -1.50743151    
   3.59526753    
 -0.238199294    
   2.89322305    
 -0.344364226    
   2.94730163    
   2.54260731    
  -1.61113143    
   1.38094378    
   2.69961882    
  0.311501682    
  -2.00839520    
  0.664044082    
  0.483824611    
   5.09247184E-02
  0.364544690    
  0.718579471    
   1.08868301    
   1.22639775    
   2.70573378    
   3.11576581    
   1.06469083    
  -1.66983342    
  -6.02364540E-03
  0.994252503    
  0.777833760    
   3.34835625    
   1.20831442    
   1.40156972    
   2.87573075    
   8.58401060E-02
   3.27060390    
  -1.66424060    
  -1.52791786    
  0.941191852    
   1.61643815    
  0.665009975    
  0.819043398    
   1.48512697    
  0.550597370    
 -0.395167649    
  0.642662525    
   1.93393469    
 -0.410482466    
   1.37338483    
  0.897085369    
  0.317402780    
  -2.13738036    
  -1.79524970    
 -0.132407427    
   1.59334540    
   1.66173375    
 -0.210098803    
  0.654083312    
  -1.46230125    
   3.30704975    
  -8.22629333E-02
   3.88278508    
   1.13187718    
 -0.909396112    
  0.453108639    
  0.290420383    
  -1.82217860    
   3.04756975    
  -1.46241927    
   2.75404310    
  0.770320535    
   2.44429564    
  0.734892845    
   1.00193548    
  0.989882410    
   2.05766344    
  -2.18144393    
  0.414996654    
   2.41520739    
  0.289403945    
  0.967114747    
  0.634853542    
   3.46673393    
   4.56196070E-02
   3.15467262    
  0.807622135    
 -0.845375001    
   1.05804372    
   3.63652205    
  -1.39934921    
  -2.26534748    
 -0.120388389    
  0.980161667    
   1.59426820    
   3.28815985    
   2.94205928    
   1.50812507    
  -2.30119896    
   3.76306486    
   3.71361136    
  -1.44163346    
 -0.995477140    
 -0.520271957    
   2.63072562    
  0.494904071    
 -0.468292773    
  0.159726799    
   2.07032299    
   1.24683547    
   1.66419554    
   1.93141413    
   3.02927613    
 -0.490040600    
 -0.326332986    
 -0.652075827    
 -0.681910694    
   1.38938642    
  -1.57192373    
 -0.335362613    
   2.75999594    
  0.533907175    
   3.22752357    
  0.802078724    
   1.13747263    
  0.717991114    
  0.507223129    
   1.69823194    
  -1.42641282    
  0.710780025    
   1.81313515    
   1.12928057    
 -0.573743045    
  -1.19240427    
   2.52311397    
   3.51240611    
   1.01891279    
  -7.07845688E-02
   2.35461426    
 -0.503901780    
   1.32468724    
  0.986598492    
   1.22257292    
 -0.516493857    
  -1.71953821    
   3.57939744    
  -1.43873310    
   2.39012980    
  -1.11453557    
   1.54204893    
   2.24206948    
  0.621131063    
  -1.30481982    
  -1.53158832    
   2.18036222    
   3.49861455    
   3.48702312    
  0.714571655    
  -1.62500167    
   1.83923459    
 -0.707840025    
   1.41381586    
 -0.277506173    
   3.46834564    
   1.06597579    
   1.21003342    
  -4.01946902E-02
  0.725028515    
  -1.21597648    
   1.82696271    
   2.48256087    
   1.36026037    
  0.626190901    
 -0.192408562    
  0.623636186    
  -1.33964658    
  -1.24364090    
  -1.80079556    
   3.15738440    
  0.638111234    
  0.982521176    
  0.346945494    
   3.48826599    
  -1.41446018    
 -0.371138394    
  -1.40451026    
   1.31021237    
   2.79910517    
   3.91798067    
   1.13225734    
   3.50543213    
  -1.06474423    
  0.359600544    
  -2.30078936    
   2.58372951    
   2.21798682    
 -0.764652193    
 -0.107349038    
  -1.38219786    
   1.38823724    
   1.01159656    
   1.04008758    
 -0.632301271    
   1.55774546    
  0.781401455    
  0.441891938    
   1.27528644    
   1.25405812    
 -0.541639626    
   2.66801691    
 -0.913309395    
  0.828433990    
  0.124081731    
 -0.612933815    
   2.54806542    
   1.05231452    
  0.939376295    
  -1.60281324    
   1.62883234    
   3.25904512    
  -1.51076007    
  0.927576721    
  -9.84945893E-02
   1.43311739    
   3.19010043    
   2.06968212    
  0.176868439    
 -0.940898001    
   2.13513875    
  -1.33897972    
  0.644971848    
   3.79315186    
   1.10688639    
 -0.462930381    
  -1.93543339    
   3.67453480    
  -1.99717236    
  0.333797216    
  0.428378403    
  0.608866394    
  0.107382298    
 -0.301513731    
   1.89148355    
 -0.631568134    
   2.70786500    
   1.71503258    
  0.356410205    
  -5.25653958E-02
  0.100388229    
   2.28843069    
   2.09907126    
  0.992496550    
   1.04225314    
  0.442828298    
  -2.31899309    
   2.18764400    
   3.88044977    
  -6.42297268E-02
   2.87110543    
 -0.354642928    
 -0.770812690    
  -1.26007867    
   2.90268874    
   1.56396484    
   3.50333047    
 -0.197771430    
   1.60772371    
   2.48821354    
   1.33585095    
 -0.558612287    
   1.15971124    
  0.586570859    
  0.458435327    
   1.04893124    
   6.12025261E-02
   2.75500226    
  -1.34008026    
  0.245133817    
  -1.62793779    
  -1.04211640    
   1.04374516    
   1.07149780    
  0.193106949    
   1.20007944    
 -0.229882896    
   1.92367458    
   3.49141097    
  0.997246385    
   1.77880430    
   3.68668365    
   2.33725953    
   2.94489574    
  -1.06252599    
  -1.09750342    
  -2.00529099    
   1.14452410    
  0.102079809    
   3.60874796    
  0.437754214    
   1.67370820    
  0.847487092    
  -1.99918199    
   1.74302721    
  -1.48656344    
  0.153636694    
   1.95647025    
   1.65327811    
   1.53080070    
 -0.970227063    
  0.803497791    
  -1.29041672    
   1.36187243    
   3.33053207    
   3.20474839    
   1.47933757    
 -0.858931482    
   1.92130136    
   2.91672873    
  0.543468237    
  -2.20537829    
  0.562553287    
   1.69561291    
 -0.788951695    
  0.455930054    
  0.508986473    
   3.80083323    
  -1.11444259    
  0.682844996    
   1.18139458    
   1.21304917    
  -1.71188855    
   2.00020409    
  0.813510299    
   2.23017359    
   1.03572440    
   2.76089430    
  -1.40031624    
   3.03065729    
   1.92217827    
  -2.34387064    
  -2.03988242    
   3.26446342    
   1.92956853    
   1.59855413    
   2.85928392    
   2.91626620    
  0.692668676    
 -0.793728173    
   2.90731287    
  -3.20149064E-02
   1.68138075    
   2.92113614    
  -5.46067953E-03
 -0.229533255    
 -0.191230655    
  0.373751640    
   1.64447057    
  0.162817359    
   2.46044040    
 -0.216274202    
  0.356238008    
  0.457058460    
   1.09626997    
 -0.228460014    
 -0.610838830    
   1.96535110    
  0.727520049    
  -1.44087577    
   2.39086390    
  0.744664133    
  0.650231481    
  0.255113065    
  -2.59391069E-02
  0.277598262    
   2.19013381    
 -0.934530556    
  -1.62093616    
   1.21512532    
  -8.00411105E-02
  -1.99574685    
   2.07173467    
   2.63305378    
  0.804154456    
  0.866570711    
   2.68012357    
   2.47247982    
   1.02087617    
  0.889230132    
  -1.79173970    
   1.44551504    
  0.184648573    
  -2.05376506    
  0.200963616    
  -2.00154400    
 -0.516596258    
   2.47355962    
   1.02252936    
  0.742845833    
 -0.483694375    
   1.64140201    
  -1.64449763    
  -1.11185503    
  0.965514719    
   2.69001555    
   1.93432879    
 -0.814967215    
   1.90631366    
   2.07150865    
   2.04409385    
  0.308976173    
 -0.628061354    
  -1.86741948E-02
 -0.199981272    
  -1.34850240    
   1.74701905    
 -0.240737140    
 -0.347237051    
 -0.419100702    
  -1.36889553    
 -0.705037892    
   3.07930946    
 -0.986998498    
 -0.770790517    
   3.10911202    
   3.74021411    
   1.16502106    
   2.35704136    
   2.73818755    
   2.60016680    
 -0.176278770    
   2.46955466    
  0.584571898    
   3.48342395    
 -0.486878932    
   2.07735443    
   2.27330875    
  -1.10504723    
 -0.183291078    
  0.761113286    
   2.15205216    
  -1.86750484    
   2.92996478    
  0.144415259    
  0.835879862    
  0.136129618    
 -0.989338934    
 -0.564351976    
   2.00598311    
   8.12178850E-03
   1.35587180    
   3.03587723    
 -0.149483681    
   2.01691365    
  -1.68949628    
   3.22436786    
  -1.88521028    
  -1.67564940    
   7.74048567E-02
   2.75331569    
   1.83859062    
   2.41029835    
  0.884092212    
  -1.77349997    
  -2.10779095    
  0.790857315    
   1.89209080    
  0.445467412    
  -1.53189135    
   3.17190123    
  -1.15489626    
   1.27783453    
   2.25462699    
  0.363120228    
   2.34664249    
   1.82676148    
   3.34909272    
  -1.97468495    
 -0.182034492    
  0.786433995    
 -0.307505310    
   3.25134015    
  0.486298323    
   1.15450263    
  -2.26544142    
  0.734215021    
  0.772228062    
   1.92363310    
  0.721660614    
 -0.668197811    
 -0.542757332    
   2.30803943    
   1.32362485    
   1.76978970    
  0.188692510    
  -1.03548932    
  0.777502179    
   7.99540281E-02
   3.64919972    
 -0.767531931    
   2.00130081    
   1.62714946    
 -0.817459047    
  0.434714675    
   1.99532819    
 -0.195668042    
 -0.848472416    
  0.905423522    
  0.993692338    
   2.51192904    
  0.417968422    
 -0.995379865    
 -0.981913745    
   1.77617073E-02
  0.718298912    
 -0.426145613    
 -0.126712680    
  0.247219622    
 -0.368510306    
  0.587192833    
  0.719534338    
   3.49277020    
  0.943248868    
   1.13584340    
  0.386532933    
   1.46469235    
   1.52745295    
   2.87107253    
  0.600002408    
   1.66578305    
   1.63592649    
  0.592875957    
 -0.747742593    
  -1.74819207    
   1.19317198    
   2.57855368    
   2.99035835    
   1.63407302    
   1.08748162    
   1.93405533    
  0.200646520    
   1.07869744    
 -0.470372856    
  0.909526765    
  -2.24436188    
   8.16315413E-02
   2.70355964    
   3.54906774    
   2.95342755    
 -0.316666543    
   2.13401175    
   2.28550935    
 -0.899117649    
  -1.85040426    
   1.81421971    
   1.99426556    
 -0.403574288    
  0.390215963    
   1.17826116    
   3.68936944    
   3.79338026    
   2.03433824    
  0.278480709    
  0.164652228    
   3.72609925    
  0.470882535    
  0.504657507    
   2.69666624    
   2.12837696    
  0.849875450    
   1.90073466    
   8.77438188E-02
   2.22058916    
  0.332469553    
   1.58540392    
 -0.506908834    
  0.632635415    
   1.46345758    
 -0.277895033    
  -1.20037222    
   2.32630801    
   3.48339081E-02
   2.24391127    
  0.209399223    
   1.52797174    
  -1.68386149    
  0.825486064    
  0.116091907    
 -0.127658367    
 -0.336865008    
  0.852911353    
   1.60010600    
  0.504451692    
  0.918902218    
  0.509539604    
 -0.299737036    
   3.39719415    
 -0.777820289    
   1.22466183    
   1.38379169    
  0.482853055    
  -2.97248363E-02
  -1.88281441    
   1.40107656    
   2.92038703    
   1.36840534    
   1.19292474    
 -0.120111883    
   1.16714501    
   2.43833351    
   1.25271475    
   1.77782297    
   3.89001942    
 -0.210571051    
  -2.35267329    
   3.13040185    
 -0.383904994    
   3.35661912    
   6.04084134E-02
  0.316022575    
  0.629867911    
   3.80945945    
 -0.315457046    
   1.55900061    
   2.98699450    
   3.10294223    
   9.82146859E-02
   2.14092898    
  0.124931097    
   1.30391395    
 -0.725550354    
 -0.600217044    
 -0.543047845    
   1.55372596    
  0.956827760    
  -2.26557708    
   2.29141378    
   1.08631408    
   3.55699110    
  0.553558946    
  -1.78358960    
 -0.250858605    
  -1.54623628    
  0.554166198    
 -0.367774665    
   3.49835515    
   9.05061960E-02
   3.51622677    
  0.934173465    
  -1.78174019    
   3.91866136    
 -0.383098781    
   2.87372231    
   2.56585407    
   3.47971034    
   2.36840796    
  0.952306867    
  0.121012092    
  0.224435151    
  0.215478003    
  -1.19261312    
 -0.274951398    
   2.27628994    
   3.21053171    
  -1.09320784    
   2.68087387E-02
   3.38210559    
   3.84617949    
   2.97190690    
  0.634674788    
   3.47171068    
  0.744286776    
 -0.510759532    
  -2.97733545E-02
  0.826644242    
   1.52913404    
 -0.432839096    
   3.00807118    
  0.886219203    
  -1.10738468    
   2.06071472    
  0.996444345    
   1.45816469    
  -1.34330726    
  -1.22516418    
   1.27697396    
   3.46134996    
   2.22609687    
   1.38935232    
  0.235186994    
  0.744360805    
  -1.16406131    
   2.05120683    
  0.393229395    
   1.32341409    
 -0.186815381    
  -1.08816528    
 -0.289106548    
  0.379912049    
  -1.61617303    
  -2.22213173    
 -0.808968484    
   1.08841372    
  0.412949413    
   2.10190248    
  -2.01087928    
   1.04670942    
  -1.22565627    
   2.61918807    
  0.586729050    
   1.78447008    
   2.88877940    
   1.70004916    
  -1.85317206    
 -0.759854734    
   1.72559261    
   2.44716692    
  -1.10206413    
  -1.32470679    
 -0.151782691    
 -0.521387160    
  0.638157606    
   2.52703166    
 -0.255350173    
  -2.24617743    
   3.19004250    
  -2.82720923E-02
  -1.20365191    
 -0.843434870    
   1.67492163    
   3.54253244    
 -0.328093112    
 -0.449034274    
   1.17359126    
  -1.36705256    
 -0.821964800    
  0.424853563    
 -0.180945814    
 -0.742386281    
   2.73599172    
  0.814052165    
   1.89895868    
  0.527326226    
   1.85300660    
   2.88256526    
  0.487689108    
  0.596216023    
  0.943812490    
 -0.758405745    
   1.24025226    
   3.74036908    
 -0.575542748    
   2.45593929    
   2.36625648    
   4.69528437E-02
 -0.624092162    
  -1.38400817    
  -1.86899662    
  0.845729351    
   2.17745590    
  0.745407104    
   1.09335279    
   3.67930245    
   1.16725981    
  -1.06779003    
  -2.14255738    
   3.47428346    
 -0.668260157    
  -1.13388848    
   2.01476192    
  -1.40257502    
  -1.00332355    
 -0.164405167    
   3.70601869    
   3.41842914    
 -0.753995717    
   3.43810201    
 -0.173859239    
  -1.01082110    
 -0.432675183    
   1.65033770    
   1.46142983    
   3.79324746    
   3.03086352    
  -2.14071608    
   1.48148191    
 -0.593237698    
  0.131509602    
  -2.20831251    
 -0.632244408    
   3.02533984    
   1.04560781    
   3.58818126    
  -2.22522187    
   2.60130000    
   2.08117986    
   1.89699173    
   2.16904259    
 -0.913678467    
  -1.03532672    
  -1.24918866    
   1.15140092    
   1.74182248    
   3.14017820    
   2.05852866    
  0.108180463    
  -1.74609303    
   8.53656530E-02
   2.36647892    
   1.31931341    
  -1.70963311    
   2.86652255    
   1.23325372    
 -0.242049634    
   1.69170845    
 -0.975615203    
   2.30369949    
   2.84007382    
  0.594560444    
  -2.00421429    
   3.48090601    
   2.24085355    
   1.10016692    
   1.96938753    
  0.137184262    
  -1.17126417    
  0.364687711    
  0.901855826    
   2.97822499    
 -0.190525293    
   1.27665043    
   3.83327079    
   2.68788338    
  -2.22449446    
 -0.409616053    
  -1.62019753    
  0.949180186    
  0.546793342    
   1.60477972    
   3.00996256    
  -1.29755974    
  -1.11559606    
   1.09580851    
  0.324742585    
   3.14341187E-02
   2.01060319    
 -0.774076521    
   2.17396116    
 -0.345843852    
   2.55845952    
 -0.291212618    
  -5.51648140E-02
   1.90347052    
   1.22950840    
   3.64047861    
  0.509672701    
  0.522043943    
  -9.35678482E-02
   9.23049450E-03
   2.15878773    
   2.15594029    
  0.420663595    
   1.97611499    
  0.345921278    
   3.76795292    
   1.31973207    
  -1.37086773    
   3.87304425    
  0.949782610    
   1.42634845    
   6.69997334E-02
   1.64914083    
  0.267776251    
 -0.157963932    
   3.64009309    
  -1.20482922    
  0.664070189    
  0.637544990    
  0.804109871    
   1.31250596    
  -1.59510946    
 -0.946032584    
   1.03460598    
  0.835351467    
   1.88638687    
   1.31741989    
   1.54373991    
   1.98343635    
  0.412016898    
 -0.557132423    
   1.52681708    
   2.15233707    
   1.62674427    
   2.42540097    
  0.716130137    
 -0.239105880    
   2.21316719    
   3.44885683    
  -1.37856150    
   1.15116143    
   1.81888986    
  0.527077138    
 -0.963412225    
 -0.685564220    
   2.14927649    
   3.89190245    
   2.84086967    
  0.465757906    
 -0.738467515    
   2.09967852    
   2.08856916    
  0.560969710    
   1.24728966    
  0.271104991    
   1.06789136    
  -2.03210425    
 -0.614706814    
  0.860037148    
   2.29156375    
   1.77506995    
   1.96758103    
  -1.33462787    
   1.34302592    
  0.170451105    
  0.380984098    
   1.99705052    
   1.19770634    
   1.80863261    
  0.366517335    
   1.51583672    
   2.79307199    
  0.473109394    
  -3.61819267E-02
  0.668081880    
   2.37793303    
 -0.131437540    
   1.51089621    
   2.37985396    
   1.79145885    
  0.733135879    
  0.969755113    
   3.73336840    
   3.74014854    
   3.78815532E-02
   1.80604768    
 -0.457184613    
   1.08785903    
  0.532541156    
 -0.121032834    
  0.762388825    
   1.73246360    
 -0.471075118    
  -2.20465589    
  -1.55611253    
  0.848322988    
  -1.16260648    
  -6.08659983E-02
   3.80034637    
  0.244055569    
  0.212995708    
   1.13424468    
   3.65826559    
  -2.34832120    
   2.40663099    
 -0.921345770    
   3.72400045    
 -0.738225281    
   1.64771223    
   1.00585806    
  -1.56410193    
   1.65412664    
  -1.40021110    
   2.92239261    
   3.71713471    
   2.43494487    
   3.09573913    
   2.34713888    
   2.03963876    
   1.45542169    
  -1.63536811    
  0.915386736    
   2.19958353    
   2.11134291    
 -0.289405167    
   2.43031645    
  0.338307858    
   3.70678997    
 -0.305878818    
  0.139577866    
   4.22795415E-02
  0.349576354    
  0.892584085    
   2.75143361    
 -0.656653464    
  -1.59324455    
   1.47819734    
   3.89722872    
  -1.38765097    
   1.31427336    
   2.17159700    
 -0.367947280    
 -0.283338845    
   3.40351892    
   3.09682918    
 -0.293767035    
   2.07114196    
   3.49422503    
   5.58107495E-02
  0.943637848    
   1.48049116    
  0.306332052    
  0.424294889    
  0.401989579    
   2.58899879    
  -1.93430686    
 -0.673977435    
  -1.37495255    
   3.88365006    
   3.40385365    
   1.74247813    
   1.71984243    
   3.29028535    
   1.57100964    
   1.04963779    
  -7.14777112E-02
  0.563204169    
   1.88618159    
   2.54043531    
   2.17130303    
 -0.389750183    
  -2.28464723    
  -1.76502943    
 -0.676229775    
  -2.01080942    
  0.115544438    
   2.76378298    
   1.44761705    
  0.641069531    
   1.43365002    
   3.58706117    
  0.415308326    
 -0.952328265    
   1.46048379    
  -1.50556707    
   1.36444616    
 -0.443458378    
   2.21558309    
  0.305394530    
   1.74289894    
   1.21784842    
  0.179635227    
   2.06605196    
   1.45051432    
   1.29735065    
 -0.333482563    
   3.89833903    
  -1.07669926    
  -1.64399624    
   3.38727283    
  0.456947207    
 -0.658479273    
  0.930719733    
  0.512899160    
   3.22686934    
   2.86938596    
   3.57438803    
   1.43617415    
  -1.67700934    
   1.93958020    
   1.99644327    
  0.915018320    
  -1.17909479    
  0.600174487    
   1.95545340    
 -0.532211483    
   2.45447040    
  0.250222564    
  0.695801556    
  0.606561422    
   3.04527211    
  0.329984516    
   1.15649939    
  0.537405491    
   3.59231114    
 -0.140965998    
   1.14044499    
   1.83783150    
   1.92662382    
   1.42856908    
  -1.21090555    
 -0.217851937    
   1.01089382    
   1.58311653    
  0.413725615    
 -0.953128278    
   2.88676095    
  -1.91595173    
   2.13165474    
 -0.573455870    
  0.798500240    
  -1.93856668    
  0.100922942    
 -0.186341941    
   3.77427983    
  -1.98209882    
  -1.55913687    
  -1.56990075    
  -1.55124211    
   1.72473717    
   1.86294198    
   1.89482975    
  -1.19697571    
  0.605570674    
  0.307076246    
   1.19633341    
   1.22563350    
  0.124002874    
  0.201190770    
   2.21933579    
   3.25693774    
   1.99741888    
   1.13065016    
  0.728760540    
 -0.771135509    
 -0.710427105    
   2.07893038    
 -0.704547942    
 -0.448602140    
  -1.33082533    
  -2.25503111    
   1.22876501    
  0.106876373    
   2.20260358    
   3.31590247    
   2.91294551    
 -0.218771279    
   2.02576637    
   2.10013270    
 -0.552090108    
   1.92836452    
   8.37612152E-02
 -0.568202674    
  0.427322984    
  -1.10588813    
   2.84983015    
  -6.41101003E-02
   2.38086748    
   1.24736977    
  0.210970819    
 -0.643819153    
   1.92507195    
   2.85307503    
  0.793561399    
   2.44417977    
   3.29812312    
   2.38174343    
  0.247819245    
  0.769553304    
  0.748373508    
 -0.568603098    
   1.83884478    
   2.19466853    
   3.43344378    
   3.78472948    
   1.46612346    
  -1.43710327    
  0.608146966    
  -1.12906384    
  -1.71548486    
  -2.29120851    
   1.14669156    
   2.89366746    
   1.15512013    
  -5.41704297E-02
  -8.63992572E-02
  0.619815767    
   1.24691725    
  0.961927950    
   3.28064227    
  -2.19584942    
   6.24333024E-02
   1.32543421    
  0.870428205    
  -1.39245915    
  0.865776598    
  -1.92777109    
  0.468545139    
  -2.15011859    
   1.95139527    
  0.287307143    
  -1.59794044    
   1.10111523    
   1.61313462    
   1.62426829    
  0.287993014    
  0.987121284    
  -1.98238993    
 -0.264368355    
 -0.998312771    
   2.00985312    
   1.09334064    
  -1.77949572    
 -0.647566140    
 -0.429388344    
  -1.66868281    
   1.90358734    
   2.48843265    
  0.870983660    
   1.40208244    
  0.398751974    
 -0.946898758    
   2.21221280    
   3.37329268    
  0.597600698    
  0.989133716    
  0.161666334    
   1.17615962    
 -0.275866210    
   2.54514885    
   2.04365754    
   2.45310688    
   1.56462359    
  0.561923325    
   1.51961327    
  0.686699331    
   3.20686746    
   3.58367157    
   3.31258082    
   3.52794361    
   3.72472453    
 -0.785755932    
   6.18014336E-02
   1.37452996    
  0.121003211    
   3.11174130    
   3.04267001    
   1.82648730    
   1.05073833    
   1.37715888    
  -1.25151610    
   2.35604429    
   1.54805291    
  0.482976526    
   2.50778866    
  0.626996338    
   1.49944592    
  0.114276767    
  0.681603611    
  0.984003305    
   4.56478000E-02
  -2.12995887    
   3.01610303    
  0.884503901    
  -2.19066620    
   2.02722454    
 -0.613241494    
   3.71757340    
 -0.461473405    
   1.42023277    
  -1.25697589    
   2.59447289    
 -0.270847976    
   2.33410907    
 -0.717227280    
 -0.520255864    
   2.94225264    
   3.23930788    
   2.96073532    
   2.52508211    
   3.67695165    
   2.63832498    
   1.37182117    
   1.75445092    
  0.820752382    
 -0.144025981    
 -0.334832966    
  0.312620401    
   5.15367985E-02
  -2.05315185    
 -0.237942994    
   2.66475677    
   1.62031078    
 -0.438288867    
   1.10200107    
 -0.934223950    
  -1.31606245    
   2.46169877    
 -0.398188770    
  -1.86477280    
   2.40192246    
 -0.677100956    
   1.00566053    
  -1.85962224    
 -0.388350666    
  -1.39839959    
  0.454415739    
  0.824195147    
  -1.97693849    
  0.614416480    
  0.195611477    
  -1.22923088    
   1.04152203    
   3.18754625    
  -8.33880901E-03
   1.81979322    
  -2.15362072    
  0.792337954    
   2.79816341    
  0.912207842    
   1.20575798    
   7.43002892E-02
  -1.07532048    
 -0.815787613    
 -0.556924999    
 -0.466985643    
   8.57206583E-02
   1.17585444    
   3.28431511    
   1.01693630    
 -0.810899079    
  0.598625422    
   1.70899081    
   3.32850385    
   1.71160054    
 -0.316222727    
   7.06692934E-02
   3.63471985    
  0.887003183    
  -6.30747080E-02
  0.399931282    
   2.65004611    
  0.777184010    
   2.12641954    
   2.43105102    
  -7.42292404E-02
  -1.25743175    
  0.774795592    
  0.548134923    
  0.692457795    
   3.44347405    
 -0.288126409    
   3.83864117    
   3.72726440    
   1.71643138    
 -0.881148160    
 -0.506155789    
   2.61109376    
 -0.692722142    
 -0.913131893    
   3.55638957    
   1.64488339    
   2.22552776    
   1.36839461    
 -0.184169292    
  0.286106020    
   3.74722934    
  -3.37348580E-02
   3.52176356    
  0.283624291    
 -0.656670153    
   1.11906683    
 -0.746969044    
   2.70466280    
  -1.48446846    
  -5.74892759E-02
  0.544221997    
  -1.41327643    
  -1.03726888    
 -0.519185364    
   2.22287726    
  0.569562495    
   2.32764387    
  0.676602423    
   2.52092457    
   1.35408914    
  0.741560698    
  -1.76165152    
   3.84144163    
  0.560467064    
   1.75048923    
  0.732742548    
  0.447566479    
  -1.54785180    
   1.80668139    
  0.951598942    
   2.90891767    
   1.88480639    
   3.33350754    
   1.06457353    
   3.22608161    
  -1.12971759    
  -1.58755374    
 -0.245207489    
   1.65380645    
 -0.580495656    
  0.902484059    
  -1.53945708    
  0.717855871    
   3.48026133    
 -0.213417828    
 -0.747709453    
   2.74224114    
  0.825970948    
   2.18604469    
   3.53532124    
  -2.11418629    
   3.81176257    
   1.29284859    
   1.28388715    
   2.42485833    
  0.591671944    
  0.266182303    
   2.17020154    
  -1.76133752    
   1.37284160    
 -0.722553194    
  0.995568514    
  -1.18096042    
  0.766865730    
  0.719333589    
   2.68237615    
 -0.878921330    
   3.39390707    
   3.31654024    
  0.881580174    
 -0.110360146    
  0.968063116    
  0.123102188    
   1.80421877    
  0.704356611    
  0.353954524    
 -0.516793311    
  -1.84292722    
  -2.27773476    
 -0.185739338    
 -0.537375510    
  -1.56817675    
  -8.99866819E-02
   2.05907393    
  -1.63535523    
   1.56560254    
  0.494842261    
  0.199239492    
 -0.564026892    
 -0.587414563    
  -1.89517164    
  -1.03699112    
  -1.18320632    
  0.459374398    
  -1.80450583    
  0.204687417    
  -1.77347255    
  -1.48500562    
  0.716087937    
  -5.87946773E-02
   2.01759672    
   1.86745501    
 -0.510877669    
   3.05240798    
 -0.976110518    
  0.411738247    
   2.63637495    
 -0.415113866    
  0.108185589    
   1.33864832    
  -2.26642680    
  -7.06701875E-02
  -5.15294075E-02
  -1.39322567    
   1.79816699    
   1.50592279    
  -2.01047707    
   3.51323032    
  0.582517862    
  -1.00184417    
  -1.32087040    
 -0.410455525    
  0.816584527    
  0.771561503    
 -0.752370179    
 -0.509178936    
   3.91173244    
 -0.311830461    
   2.15304065    
 -0.839060128    
 -0.472546637    
   3.19177651    
 -0.841891468    
   1.09943461    
 -0.972929060    
   1.44352496    
  0.411163718    
  0.537761450    
  0.255304396    
   1.16768909    
  0.562793434    
   1.68450117    
   3.51055074    
   1.07011771    
   1.58188558    
   3.00448799    
  -1.51407313    
 -0.153490126    
 -0.670494974    
   2.24074578    
   1.97766399    
  0.469684988    
  0.215147674    
  -1.42073512    
 -0.527791440    
   1.55487633    
  -1.82861352    
   2.05970359    
 -0.296103895    
 -0.216011107    
   3.27504778    
  -1.57986259    
 -0.536540806    
   2.60471725    
 -0.514072001    
 -0.614447773    
  0.339185208    
   1.73583913    
  -4.50816154E-02
   5.42827249E-02
   1.94325137    
 -0.318253338    
   1.98174620    
   2.33892035    
  -1.40445924    
 -0.752006114    
  0.599046111    
   3.14222407    
  0.263901532    
  0.590030730    
   3.54860330    
   2.80414295    
  0.457263499    
 -0.250123084    
  -1.78265738    
   1.17322993    
   2.00051141    
   2.69762087    
  0.963840127    
   2.37341094    
   2.34671807    
   2.56186509    
   3.78009367    
  0.440100610    
  0.497646689    
   1.38155437    
  -1.37700605    
  -1.43124223    
  0.801920772    
   2.40739131    
  0.529907823    
  0.687317014    
  0.572936296    
  0.769097149    
  0.919125497    
   1.35501504    
 -0.827938378    
  -1.94673777    
   3.18807411    
  -1.93828321    
  -1.52304149    
  0.534449756    
  0.310981065    
  -1.72915816    
   3.92296433    
   2.83494592    
  -1.97730112    
   3.06969333    
   1.72006226    
 -0.713702500    
   3.39306760    
   3.66062522    
  -2.13168883    
  0.503960252    
 -0.766195834    
  -1.62552905    
  0.170833170    
 -0.165335596    
 -0.480639040    
  0.248116493    
 -0.523234785    
  -1.24357677    
   3.00885344    
   1.25652671    
   3.67075801    
   1.65863121    
   3.78538442    
  0.271288455    
  0.590417027    
  -1.35997534E-02
  0.925422788    
   2.00779557    
  0.756890178    
  -1.24256921    
   8.25397968E-02
   1.48103082    
   2.17795706    
  -2.22985697    
   1.07689989    
  -1.51637816    
   1.63301849    
  -1.92889428    
  0.298821896    
  0.993898630    
 -0.831453145    
   2.68471313    
   2.63849068    
  0.504221320    
   3.66772199    
  0.693223894    
  0.146063447    
 -0.188302577    
 -0.716174304    
   2.47101164    
   2.35152483    
   1.19360328    
  -1.15312743    
  0.293471664    
  -1.35343719    
   2.89920235    
   2.45004177    
   2.35511994    
   1.67951345    
   1.74818659    
  0.548331022    
   1.13541555    
   2.01390147    
   2.38378930    
  -1.41249466    
  0.838714421    
  -1.28971410    
  -1.44581485    
   2.11324143    
  0.109358132    
 -0.192631185    
   2.32277608    
  0.864580691    
   2.91511941    
  -1.32460713    
   1.43940783    
   1.89458990    
   2.65911365    
  -1.46857905    
 -0.184408128    
   1.64611161    
   1.69533372    
 -0.941473663    
  -1.54529572    
 -0.466892064    
   3.11300993    
 -0.356728137    
 -0.281420767    
   3.29090428    
  -1.23099852    
   1.74888301    
   1.49105716    
   3.87882066    
 -0.490754664    
   3.73338628    
   1.72315013    
  -2.09936237    
  0.722322822    
   7.42995739E-02
   2.26343846    
   2.55159235    
  -2.25400400    
 -0.150047243    
   2.71089029    
   1.50449800    
  -3.31751108E-02
   3.76445222    
   1.45234454    
   1.96988320    
  -1.12784815    
   1.53071833    
  0.763257504    
   1.70224142    
  0.631469071    
  -1.38515067    
   1.87229967    
  -1.51689315    
  0.822248518    
  -1.21521425    
  -1.13419652    
 -0.857496321    
  -2.06455493    
   2.89119363    
   2.69290662    
   3.76695156    
 -0.448306859    
   2.99499536    
   2.54677939    
   1.67890120    
  0.900034428    
 -0.720209658    
 -0.263276875    
   2.23002768    
  0.879432976    
 -0.132374465    
   1.19651866    
   1.88906717    
 -0.303419530    
  0.616203189    
   7.81927109E-02
  -1.21909213    
   2.88958502    
  -1.32997274    
 -0.268237650    
   2.65385151    
 -0.261222780    
   8.50152373E-02
   1.42688227    
   2.66952538    
   2.12707520    
  0.675426364    
 -0.731972754    
   2.70952678    
   2.66780925    
  0.871022701    
  -1.75929332    
  -1.50645018    
  -1.05069137    
  0.599132299    
 -0.203055859    
  -2.07213998    
 -0.419143021    
  -1.84641099    
  -1.05990171    
   1.24757910    
   1.24002433    
   1.72173214    
   1.87974668    
   2.53945398    
  0.594976664    
  0.931284606    
  -1.20674491    
 -0.702190459    
   1.80327559    
   1.00454724    
  -1.56189990    
  0.426155418    
  0.993382573    
  -1.20928979    
  0.276400745    
   2.59829140    
   1.20265985    
   1.11963546    
   1.22281110    
   1.74946499    
  0.847034931    
  0.410744399    
   1.88746333    
   3.28305483    
  0.398854911    
  0.502326310    
 -0.583139956    
   3.20760512    
   2.94638872E-02
  0.699682415    
   1.35546446    
   2.09161067    
   3.54720902    
  -1.93606472    
  -1.92394853E-02
  0.303032368    
  0.881289244    
  0.852473497    
 -0.991109312    
 -0.983439505    
   1.90181065    
   3.02156615    
   1.31291509    
   1.41815686    
  0.969007730    
  0.562135100    
  -2.14847493    
   1.81375408    
   1.89034915    
  -1.06707144    
   3.80100775    
 -0.122823536    
  0.478457510    
 -0.588705599    
   1.41998458    
 -0.371892512    
  -4.64590192E-02
   1.34192729    
  -1.22316575    
  -1.81687379    
   3.16754556    
  -2.06335473    
   2.86894059    
 -0.185154915    
  0.463452876    
   3.54524159    
   2.24279499    
   2.43738914    
   2.28177047    
 -0.337345183    
  -6.78590536E-02
  -1.37966418    
  0.237862527    
  -2.32103801    
  -1.12492085    
   3.78963065    
  -1.35783505    
   3.70048761    
   3.25654459    
  0.867233276    
   3.25371814    
  0.602055550    
  -1.62560272    
  -1.51432467    
  0.975513399    
  -1.39502287    
   1.59474015    
  0.355309576    
  0.765405118    
  -1.87212658    
   1.26982069    
 -0.131613731    
   2.13618279    
  0.251780033    
   3.66837358    
   2.52528238    
  -1.81185150    
 -0.369193137    
   2.71005321    
   3.69661665    
  -2.20513558    
  -9.24303532E-02
 -0.297819912    
   2.13957024    
  -1.23076034    
 -0.168005466    
   1.56470358    
   2.37481451    
  -1.45602536    
  -2.00897026    
  0.181652665    
  -1.95638061    
   2.51450801    
  -1.79971957    
  -2.26925707    
   2.24586058    
   1.65109324    
 -0.514028013    
  -1.05919361    
 -0.823259890    
  -1.82067776    
 -0.480248511    
   3.20098972    
 -0.715509713    
   1.12639785    
   1.22415423    
 -0.751392543    
   1.02096558    
  0.976253867    
   6.03901148E-02
  0.551125467    
  -1.32605028    
   3.91355634    
   1.09286094    
  -1.93703198    
   3.55339646    
   1.75276744    
   1.63357353    
  -1.09179091    
   1.90419745    
   9.30650830E-02
   3.57481766    
   3.22110987    
  0.822802544    
  -1.10659003    
   3.26424980    
   3.67618799E-02
   1.87901473    
  0.999619305    
 -0.217029870    
   1.58348429    
   1.11177611    
   1.92725539    
   1.14489579    
   2.28443217    
 -0.981185853    
   3.58692408E-02
  0.595306933    
   1.09869385    
   1.07229197    
   2.62132978    
  -1.38819313    
  0.901785016    
 -0.450353324    
   2.34570408    
 -0.134270370    
   2.63101721    
  0.325746417    
   1.72782075    
  0.143233836    
   1.28700149    
  0.635352731    
 -0.143334687    
   1.19923306    
  0.302662849    
   1.32702386    
   5.10273576E-02
 -0.348466814    
   3.91970754    
  -1.64696050    
   9.42370296E-02
  0.164294958    
  -1.74511075E-02
  0.130916834    
   1.14353776    
   1.17783475    
   1.46276307    
   1.47008753    
  0.736151814    
  0.972478867    
   1.51500177    
  -1.91082478    
   1.75335336    
  0.706666052    
  0.442034960    
   3.32170129    
  0.111190140    
  -1.46957612    
   1.03588605    
 -0.923195541    
  -2.25768566    
 -0.446006596    
   1.86316586    
   3.36950231    
  -2.23282456    
   2.19620681    
   2.21451783    
   3.08710003    
   3.18156052    
   5.07937074E-02
   2.44323421    
  0.127734482    
   1.18247747    
   2.35647511    
  -1.93479419    
  -1.38382339    
   1.35053813    
 -0.960707366    
   1.21826828    
   1.37356305    
   3.55846119    
  -1.45830631    
   2.16045427    
   1.43242466    
  0.193485379    
  0.654647648    
   1.41288495    
   2.61202240    
   3.16534114    
  -8.03158283E-02
 -0.303578198    
  0.892479897    
 -0.119958699    
   1.74391341    
  -1.72888541    
  -2.21271944    
   1.82575631    
  -6.32697344E-02
   4.77041602E-02
 -0.919553578    
  0.385430604    
   1.17537355    
   2.33555841    
   2.39956570    
   3.00945616    
  0.722348392    
   1.39251375    
   1.72534776    
  0.121915638    
   1.31032729    
   1.53202152    
  -2.02095914    
 -0.744713962    
   2.53740716    
  0.329279929    
   3.24016261    
   1.57310057    
   1.81689382    
   3.04401851    
   6.44840598E-02
  0.628992260    
  0.257765472    
  0.528834581    
  -2.33941054    
   2.15287447    
   1.07243490    
   1.80484605    
 -0.708980739    
  -1.02631354    
   3.77069259    
   1.54365253    
   1.13383913    
   3.32430768    
   2.56884146    
   3.66789412    
  -1.44237900    
  -2.87470222E-02
  0.189220428    
   1.61199355    
  0.232052386    
 -0.655653298    
 -0.969631970    
   3.81582141    
   3.32311606    
   1.80793738    
   2.82463455    
  0.211743534    
   1.74894309    
   1.72162843    
   1.85554194    
   3.33790398    
  0.838466704    
  -1.29838634    
  0.815080166    
  -1.24477339    
  -1.17729545    
  0.464299738    
   3.35438013    
   3.23794341    
   1.37123370    
 -0.391262233    
  0.135929465    
  -7.58520961E-02
  -2.18515253    
   2.82042646    
 -0.280990660    
 -0.725540459    
   1.45857906    
  0.331579030    
  0.528521419    
   3.41876197    
 -0.543616235    
  0.142257810    
   3.44640231    
   3.75564146    
   1.42095447    
  -1.21000028    
   3.66045022    
   2.09747887    
   2.09883404    
  0.590905547    
   2.51477408    
   1.46393156    
  -2.07788062    
  0.273397803    
   1.49372721    
   2.55538034    
 -0.838656485    
   1.80645442    
  0.476368189    
   3.13730550    
  0.638535082    
  0.164076328    
   1.60666895    
  0.557512522    
   1.53500533    
   1.82867527    
   1.60732889    
  0.681118071    
  0.938403189    
  0.408312201    
   1.20236278E-02
  -2.07572603    
   1.40436602    
   1.11730874    
  0.336844474    
  -1.50671768    
  0.255700707    
  -1.32764721    
 -0.560607135    
   9.30383205E-02
   1.62612271    
  0.711972833    
  -1.84408021    
  0.918232441    
  0.814860463    
   1.08024275    
   2.38003469    
   3.01258421    
  -1.44527435    
   1.14698851    
  0.856678903    
 -0.548319876    
   1.91346526    
   2.12415695    
   1.91272068    
   2.53395748    
   1.48570061    
   2.42068958    
   1.21442783    
 -0.958551705    
   1.06722546    
   3.00147915    
   1.28901386    
 -0.654564798    
   2.07559490    
   2.82434464    
   1.34697223    
  0.600850523    
  0.595154047    
   3.01779246    
   1.06046522    
  0.937445223    
   3.11999583    
   1.13978267    
   3.38340425    
  -2.19772840    
 -0.564733565    
   2.53593683    
   2.22806931    
   2.86475754    
   1.82463908    
   2.64058113    
   2.15928769    
  -2.20936012    
  0.348739147    
   2.18327022    
   1.25242281    
   1.55762100    
  -1.30831003    
 -0.850079358    
  0.208721519    
   3.81011796    
  0.524247587    
   2.00219440    
   1.52497911    
   1.71486664    
  -1.31479669    
  0.809332013    
   3.29360914    
   2.63788128    
  0.417151928    
  0.103192866    
  -3.63318324E-02
   1.52992964    
   2.22637296    
   1.88194585    
  -1.97198987    
 -0.820752680    
   3.51347709    
   1.52477026    
   2.80109406    
  0.904876232    
  -1.22173524    
   1.31494427    
   1.42475677    
  -1.92672920    
 -0.819111526    
  0.715642691    
  0.873743057    
 -0.887048066    
   1.64990449    
  0.382223785    
   1.79956889    
   2.75107265    
   3.51496148    
   1.61790872    
   2.36598134    
  0.215803385    
   2.88872457    
   4.47931886E-02
  0.117308438    
   2.15387464    
   2.27440429    
  -1.93633389    
   1.38175201    
  0.435730368    
   2.05154991    
  0.132550657    
  -1.04273200    
   2.47011781    
   1.75274396    
  0.150380552    
   1.59244800    
   1.33076477    
   2.54834604    
   1.08721113    
   1.21567082    
   3.38629627    
   1.21783996    
 -0.910916269    
  0.666990578    
   1.72501707    
   2.62539887    
   1.88530970    
   2.11607480    
  0.595875621    
 -0.620520055    
  0.414705008    
   1.81652331    
 -0.605818570    
   3.11258292    
  0.605384827    
 -0.122070193    
  0.716549039    
   1.24895239    
  0.533483982    
   1.59890008    
 -0.490693510    
   1.96392965    
  0.985112846    
 -0.514549792    
   1.80708551    
   2.54116631    
  0.325322956    
   1.29927206    
 -0.227453053    
 -0.399191558    
   1.95610619    
  -1.49469924    
   1.89130449    
 -0.648772299    
  -2.33783650    
   7.96611905E-02
  -2.79031396E-02
 -0.613974988    
  0.654045999    
   1.15932310    
   2.41625142    
   2.86536598    
  -1.03470302    
 -0.423625767    
 -0.517616808    
   1.77612567    
   1.00235212    
  0.479594260    
   2.46908045    
   2.73434424    
   2.13522935    
   3.08823705    
   1.32372904    
 -0.199845195    
  -1.83557892    
  -2.16214919    
   3.11331868    
 -0.639075100    
   1.84054232    
   1.77865398    
  -1.74258280    
   3.76979446    
   1.23715305    
 -0.339934766    
  0.623912513    
 -0.951972663    
   3.07925749    
   2.52081847    
  0.636078596    
  -2.23279643    
   3.03107476    
  -1.53530383    
  0.303365141    
  0.781615973    
  -1.37030482E-02
 -0.443159044    
  -1.08804464    
 -0.315243661    
   1.00351536    
   2.53750229    
  0.945515752    
 -0.578530252    
  -1.50481892    
   1.03328717    
   3.86291075    
  -1.85431695    
   1.03831112    
   9.22827721E-02
  0.444623590    
 -0.998772562    
   1.99670911    
   1.39541721    
  0.519741416    
   1.59010398    
   2.82588625    
  0.674759805    
  -2.12706661    
   1.77750397    
  0.670166314    
  0.213133812    
 -0.532152474    
   3.30509830    
  -1.24063420    
   1.29951096    
   2.93742371    
   1.30231190    
   2.67388248    
 -0.751681268    
  -1.99697399    
   1.96552825    
  0.799148440    
  -1.97888660    
  -2.17295671    
  -6.73443675E-02
   3.45821762    
  -1.83105278    
   3.11381721    
   1.83429193    
   1.16142321    
   1.71820986    
   3.43188119    
 -0.673036993    
  -1.21870756    
   1.64410257    
 -0.351526201    
   1.10856342    
   3.56930494    
  -1.90871358    
   2.42214513    
  -5.77195883E-02
  0.904971719    
  -1.32582521    
   3.82606149    
 -0.968491852    
  0.969450831    
   2.32288098    
   1.84523940    
   1.52694142    
   3.69288468    
   3.59115338    
 -0.929003656    
  -1.34947515    
   1.25966835    
 -0.438255012    
 -0.749035656    
  0.833990037    
 -0.510307133    
  0.676599145    
   1.18697810    
   1.98247957    
   3.39190006    
   2.41657019    
  -1.02288961    
  0.489757538    
  0.628170907    
  0.276604533    
   1.62423277    
   3.71884131    
 -0.273326933    
  -3.44516039E-02
   1.04935765    
  0.500895739    
   2.90919518    
   2.09680152    
   1.63658452    
   1.16582942    
   1.76338983    
   1.15402508    
   2.05016518    
  -1.94772410    
  0.208576620    
  0.890770316    
   1.01875353    
   1.66101885    
   1.95419812    
  0.803533971    
  0.244724214    
   1.72842813    
  -2.22848010    
   3.86071897    
  0.505751133    
 -0.361687958    
 -0.400160134    
  -3.80111933E-02
  0.416078657    
   1.49563944    
   1.01118028    
  0.849083304    
  0.157461941    
  0.498068511    
 -0.159357011    
 -0.179612398    
 -0.145081520    
   1.91110492    
 -0.450133979    
  0.569240689    
   1.23881376    
 -0.616095841    
   1.04039252    
   2.94626856    
 -0.643750846    
   2.54455948    
 -0.250513852    
   2.80893803    
   3.19266486    
 -0.344563186    
  0.434491098    
  0.454543978    
 -0.885014355    
   1.20981026    
   2.13499331    
  -1.71188664    
  0.392428428    
   1.74228072    
  0.790144801    
 -0.729382336    
  -1.01213431    
  -1.62310600    
   1.52270198E-02
 -0.258609235    
 -0.360716760    
 -0.372785509    
 -0.202970743    
  0.107473254    
   3.49341083    
   3.23002315    
   3.36370826    
   1.20526171    
   3.57912803    
   2.63341475    
  0.288797587    
   2.49053121    
 -0.921767533    
   2.61122274    
   2.09667301    
 -0.940236032    
   3.44001412    
   1.77663302    
  -1.28708768    
   1.97729731    
   3.26087165    
   2.01866984    
   3.65120149    
   3.31301093    
  -1.21499038    
 -0.377447188    
   2.21947527    
   1.88910246    
   2.61775041    
 -0.688243687    
  -2.04934835    
   3.53549790    
   1.53667831    
   3.30532861    
   3.36684823    
 -0.271758497    
  -1.78317261    
  0.482472003    
   3.52625132    
  0.389459223    
  0.256590545    
   2.88842726    
  -2.57635117E-02
 -0.402430356    
  -1.48941517    
  0.886209726    
   3.67926049    
  -1.23807287    
  -1.32800078    
   2.16901231    
 -0.778491914    
  -1.20530319    
  -1.54632068    
   1.19291472    
 -0.956028283    
   3.49937010    
  -2.33687758    
 -0.493452728    
   9.65511203E-02
   2.20745182    
   2.81969404    
 -0.351407588    
  0.850951552    
  0.571882844    
  0.348038226    
   2.19631004    
 -0.642739356    
   3.58120155    
  0.242271006    
  0.814860463    
   2.39206839    
   1.64775515    
   1.11363423    
   1.47166371    
  0.664681911    
  0.211507022    
   2.40856242    
  -1.49276567    
   3.08585072    
   1.17617130    
   1.63584018    
   2.66416645    
   1.29940009    
  0.905102015    
   3.27182865    
  -2.09687185    
  -1.80287218    
  0.727802038    
   3.44172740    
  0.871401012    
  0.349112481    
  0.191053092    
   1.60970473    
 -0.369651616    
   2.07837439    
   2.52982545    
  -1.74278116    
   1.93851495    
   1.97404075    
  -2.19419646    
   1.39402330    
   1.04327345    
 -0.551258624    
   3.26989079    
   1.55089521    
   2.60576463    
  0.703227639    
   1.46109891    
  -8.72918367E-02
  0.550661206    
 -0.803091705    
  0.383905828    
  0.203477800    
  0.408710301    
   2.51942229    
   1.83880997    
  0.109418631    
  0.170953214    
  -1.02354813    
  0.192421436    
 -0.976437509    
  -1.01617789    
  -2.05788159    
   1.87004614    
  -9.90992785E-03
 -0.180761993    
  -2.25717068    
   2.92536640    
  0.517653942    
  -1.10025883    
   3.66115117    
  -1.52665067    
   2.80121970    
   3.28954720    
  -1.84532452    
 -0.236229956    
  0.275819659    
 -0.773612916    
  -1.34057689    
   3.84712863    
  -1.44692135    
  0.894250453    
   3.42258191    
   1.03789783    
   1.39843273    
   1.26482916    
   4.71689105E-02
   3.60293865    
   2.73365903    
   1.54728007    
  -1.30544901    
  -1.27630830    
   1.54896951    
   2.61435032    
  0.698541224    
  -2.09418893    
   1.07684159    
   1.79572701    
   1.13809693    
 -0.592161596    
   3.28920007    
   1.92968559    
   2.33835816    
 -0.741226733    
   2.03648615    
  0.163245976    
   1.80221415    
   1.92910600    
   2.59275579    
  0.642537713    
  0.562519014    
  0.414355844    
   3.21648741    
   1.01039004    
   1.54231834    
 -0.156210959    
   2.27522922    
   2.04204559    
   1.36459923    
   1.23860002    
   2.55756807    
  -1.86097026E-02
 -0.495567620    
 -0.575872242    
   2.44464159    
   2.01156473    
   1.50471067    
 -0.662311018    
  0.161468148    
  -1.70465088    
  0.941557109    
  0.931496859    
  -1.80200529    
  -1.54093671    
   1.96012163    
 -0.248732865    
   1.04833353    
  -1.22475958    
   1.31015337    
  0.311508596    
   2.89990568    
   1.65619183    
  0.170896053    
  0.524505377    
  -2.04459834    
   2.88783050    
  0.534144402    
   3.47962332    
  -1.61341476    
  0.961126506    
   7.64592886E-02
   2.34513903    
  -2.05722117    
  0.775942624    
   1.27256429    
   1.64938915    
   1.10399723    
  0.462185800    
   3.75018883    
   4.77988124E-02
 -0.552677572    
  0.870576859    
 -0.789940417    
   1.61248076    
 -0.493406236    
   2.61866736    
   1.96758199    
  -1.73950362    
   1.24506867    
  0.415781409    
   3.90925384    
 -0.776833355    
  0.851327181    
  -1.27700210    
  -9.43362713E-04
 -0.476384461    
  -3.73526216E-02
 -0.427193224    
  0.320149094    
  0.943856299    
   3.05982423    
 -0.398998678    
   1.32571173    
   2.45015311    
  0.444621623    
 -0.694350779    
  0.742595732    
 -0.408892453    
  -1.12304378    
   1.30758929    
  -1.46151590    
   2.16836643    
   2.47171116    
   2.12101293    
  0.150070012    
 -0.302565157    
   2.28982067    
   1.43608737    
  -1.18951392    
   1.41487169    
  -8.66625905E-02
  -1.92558503    
  0.212142885    
  -1.95533800    
  0.532918632    
  0.495298266    
   3.19590521    
   3.91477895    
  0.355861574    
  -1.01902676    
 -0.771128595    
 -0.329485953    
  0.809443831    
  0.925031900    
   2.84061670    
 -0.196881294    
   3.14977956    
   1.06829286    
 -0.141524196    
   1.21530128    
  0.850744665    
   1.53228927    
  -1.18764353    
  -1.42883921    
   1.44031155    
   1.95708323    
   1.37785935    
   9.70156789E-02
 -0.462950051    
   1.26195908    
   3.54009461    
   1.05390573    
   2.50620079    
  0.989512205    
   7.13620782E-02
   3.63736963    
   2.11201549    
   1.51462615    
  0.182433605    
   2.17821193    
 -0.807774961    
  -1.35914302    
   1.27344787    
   1.05310428    
   2.14027047    
  -1.04904556    
  0.767457366    
   3.76032138    
   3.68390727    
  -2.21494889    
 -0.147755444    
   1.24276292    
  0.413846910    
   1.84616590    
  -2.08902168    
   3.75558138    
   2.49869132    
   1.99162793    
  -1.65012527    
  0.312105447    
 -0.281656325    
  -1.07101035    
  -8.13997388E-02
   1.02007413    
   1.48662722    
  0.560746193    
   1.10942233    
  0.556608319    
 -0.325146854    
   3.00892520    
  0.949474931    
 -0.527042806    
  -1.38180423    
   1.85328388    
   2.39894342    
   1.74142361    
  0.281279385    
   3.85711503    
   1.35006797    
  0.248252749    
   1.10613608    
 -0.568988264    
   1.42030680    
   1.44445074    
   2.93043756    
  -1.30202222    
  -1.28608942E-02
 -0.982197225    
   3.08178115    
  0.429800779    
   3.14865279    
  -1.94560933    
   3.19452906    
   1.10909140    
  0.921781540    
   1.12242639    
   1.38922906    
   1.86431241    
  0.722057700    
 -0.777486861    
   1.49454117    
  0.996640921    
   1.28722870    
   1.51078176    
   1.87788200    
   2.13742185    
  0.730516672    
  -2.31269288    
 -0.427352488    
  -3.69501114E-03
   1.41610670    
   2.92922187    
  0.374157041    
   8.94106627E-02
 -0.378478825    
 -0.803270519    
   1.40574670    
   3.06424451    
  -1.65051913    
   1.63084292    
   3.21420860    
  -1.29779124    
  -1.25611830    
   1.70875406    
 -0.256845176    
  -2.28119254    
  -1.25777769    
   3.60558152    
   1.49304116    
  -1.73803854    
   1.13909650    
   1.88814759    
  0.407812476    
   1.62086868    
   3.58862638    
   3.55832171    
  0.841331244    
 -0.344431698    
   1.77788687    
   1.80404305    
   2.45633578    
   2.77099967    
  0.304538667    
 -0.992229283    
   1.22967553    
  0.724920869    
   2.31418562    
   3.59288144    
   1.00398660E-02
 -0.779159963    
   1.23675382    
   9.77214575E-02
   2.11576414    
   3.41873860    
 -0.546619713    
   2.18184090    
  -5.59684038E-02
   1.00872517E-02
  0.127361953    
   3.34959483    
 -0.818007052    
  0.260012686    
   2.45360661    
 -0.366324604    
  -1.34418082    
   3.47415376    
   2.32783484    
 -0.217564285    
  -1.71771789    
   1.37706423    
   3.86427689    
   1.22408056    
   2.83138180    
   1.76175833    
   2.42527890    
  0.498251140    
  -1.48446345    
   1.54026389    
  -2.25712180    
   2.07972622    
   3.19730973    
   2.95322585    
 -0.615681469    
   2.89801049    
   2.10856676    
   1.42267966    
   1.75131369    
  0.480232209    
 -0.944572866    
   1.04694211    
  0.512477636    
   1.40248036    
  0.819805503    
 -0.656356990    
   2.13008738    
  0.381455302    
   2.36358905    
  -1.04939651    
  0.456908226    
   1.48874688    
 -0.110185087    
   3.69991279    
  -2.30408072    
  0.409128249    
  0.573539734    
   3.30237865    
 -0.130219221    
   1.00840485    
   3.10003924    
   3.65673542    
  -2.02948403    
   1.83941483    
  0.815048039    
   1.79340553    
   1.16103446    
  0.721658766    
 -0.423442781    
   2.01002622    
   3.12075305    
  -1.85803533    
  -2.08972859    
  0.627431095    
   1.61986208    
 -0.532610476    
   2.36351299    
   2.56246805    
   3.07744050    
 -0.269908965    
  -1.13546920    
 -0.509411752    
 -0.262218058    
  -1.38988447    
 -0.970433056    
   2.82166123    
   1.37574708    
   3.35234571    
   3.89100337    
  -2.26878953    
 -0.459134161    
  0.569945812    
  -1.12426376    
   2.00828910E-02
  0.807587266    
  -2.31627202    
   1.49700189    
   1.45527446    
  -1.84653354    
   3.01598001    
   6.44339323E-02
  0.657614291    
   3.16586089    
   1.29339790    
   1.13496804    
  0.158560574    
  0.256348252    
  -1.42617249    
   3.60471153    
   2.73057675    
 -0.917262375    
  -1.17484665    
  -1.98770308    
  0.501517773    
   3.66529059    
   2.44718623    
  0.765548766    
   2.48576617    
  -1.22716427    
 -0.373148263    
   3.29256034    
  0.141892731    
   2.29064178    
 -0.858526051    
   3.47355723    
   2.74139881    
   7.75734186E-02
   2.64235139    
  0.688084543    
   2.92911410    
   3.02794147    
  0.663971186    
   2.37399101    
   3.21755385    
   1.81931639    
 -0.316916049    
   2.22685647    
  -1.40938139    
   1.41861260    
   3.38438201    
   3.19610500    
  -1.01225948    
  0.487871855    
   1.30667377    
 -0.241404831    
   3.59506607    
   3.28499484    
 -0.955082238    
  0.704574883    
 -0.618923366    
   3.14397788    
  0.731220961    
   3.80033779    
  -1.86240554    
   1.05218768    
   3.33207202    
  0.507545590    
   1.12618399    
   2.66719103    
   2.26140451    
   1.15453625    
   2.40078545    
   2.22456121    
   1.93751144    
   2.06080461    
   2.08514428    
 -0.153958499    
  0.466613531    
   3.50721908    
   2.92687535    
  -1.57363439    
   2.32484865    
   2.68629479    
  -1.21171713    
 -0.466030777    
  -2.24280405    
  -1.73750710    
   1.02863157    
  -1.43904114    
   1.00852370    
 -0.804255307    
  -1.69959927    
   1.94630790    
 -0.397467434    
   3.03772855    
   1.48511267    
  0.757245839    
   2.17008996    
   2.12359738    
   3.85284591    
   2.96211648    
  -1.05668902    
   1.23514700    
  0.157294571    
   1.01643634    
  -1.94588065    
  0.727066338    
  0.871037364    
  -1.56533265    
   1.18303382    
  -1.97670674    
   1.71614552    
 -0.449058354    
  0.972932398    
  -1.40065885    
 -0.417304575    
  0.967152357    
  -1.84450507    
   3.84572959    
   3.26888943    
  0.895342350    
   1.71624708    
  -1.14154601    
 -0.671780646    
   1.25042081    
 -0.248593628    
   2.03133678    
   1.20258629    
  -4.19065356E-02
   1.30648768    
   1.52579069    
  -1.28044510    
   1.86530232    
  -1.88969946    
  -1.74391985    
  0.596361876    
  0.274229586    
   2.62975311    
  -2.00587416    
   1.51091528    
   2.26141286    
   1.92377806    
   3.28399992    
  0.602404416    
   2.74410105    
  -1.95671821    
  -2.10112309    
  0.933862746    
 -0.420804918    
   2.19409728    
   1.94355488    
   9.69539881E-02
   2.95115209    
   3.84338474    
  -2.09193730    
  -2.34645319    
   1.97770405    
  0.218028486    
  0.415124774    
   1.81938481    
   1.18168592    
  0.829036593    
   3.82000065    
  0.346349716    
   3.30715251    
  -1.77695394    
   3.90581059    
   3.01423025    
   2.75576973    
   1.81055284    
  -1.37145019    
   1.69614244    
   3.57432294    
   3.48255658    
   3.88338256    
  -1.87053251    
   2.82457805    
 -0.387791216    
  0.371230215    
 -0.776150525    
   3.70779300    
   2.34840512    
   2.29347348    
  0.436353415    
   3.02722120    
   3.75891209    
   1.99053907    
   7.55385756E-02
  0.919995785    
  -1.78487539    
   1.23977232    
   2.33677363    
 -0.200710177    
  0.112818837    
   3.57438970    
 -0.810872376    
  -1.05965710    
   1.28738034    
   2.81712127    
   2.14312553    
   2.56311989    
   1.10344565    
  -1.74576759    
  0.959301293    
   2.10356808    
   3.07833791    
   1.18304312    
  -1.55847049    
 -0.304873526    
   1.95147419    
  0.372068286    
  -1.60394931    
   1.36493075    
 -0.840668499    
   1.89952445    
  0.790495992    
  0.950548649    
   3.74079037    
  -2.09328938    
   2.83007956    
   1.83165979    
   1.39563346    
  0.835306108    
  -2.31279016    
 -0.234287322    
  -1.16020703    
   3.60999417    
  0.628807187    
   2.16337132    
   1.40102124    
  0.702010095    
  0.400604635    
   2.26256371    
   2.89309359    
  0.958186090    
   3.57792401    
   2.58762503    
   2.31853580    
  0.404350191    
   2.16690803    
  -1.19036436E-03
  -1.22045493    
   2.66676331    
  0.838952124    
  0.272347510    
  0.197085679    
  -1.78618050    
   3.36367154    
   1.60508585    
   2.91018939    
  0.135425210    
 -0.711821616    
 -0.879202545    
   1.83367682    
  0.466779053    
  0.507514119    
   1.79576898    
   1.93277121    
   2.85639071    
  0.904710591    
  0.798757017    
 -0.855255306    
   3.67593575    
  -2.11103487    
   2.27355909    
   2.04655004    
   1.76722336    
 -0.108165145    
 -0.790709436    
 -0.407370627    
  0.447749943    
  0.980794787    
  -2.02525711    
 -0.288408339    
   2.03166246    
 -0.924144447    
  0.784153283    
  0.224212885    
   3.28594518    
  0.564027071    
   2.70525074    
   2.75752115    
   2.02561665    
  -5.82588315E-02
  0.945998788    
   3.91415071    
  0.932368755    
   2.39307928    
   1.93915391    
   1.98643160    
  0.470494151    
  -2.14722419    
  0.227117836    
  0.453750223    
   1.59682226    
   1.03126323    
   4.65600491E-02
  -1.69950294    
  0.752550960    
   1.69996548    
  0.540746033    
   1.38755751    
  -1.06492639    
  -1.12733030    
   1.43916476    
   3.10202932    
   3.40261936    
  -1.45278382    
   2.32904744    
  -1.42069292    
   3.74645329    
 -0.863545239    
   2.23733664    
  0.202341318    
   2.54217672    
   1.86505365    
 -0.156394482    
  0.405585259    
   2.39136958    
 -0.214607418    
   3.11029172    
 -0.777809680    
 -0.684766829    
   2.23989987    
  0.945353806    
   1.15813375    
  0.358569354    
   1.82875323    
   3.87028050    
   2.82872963    
  0.267016113    
   1.17406094    
  -1.44944954    
  0.582422018    
   2.79429531    
  0.185917675    
   1.27833712    
  0.603947341    
   2.98338461    
   3.48818827    
 -0.867198884    
  0.808897197    
   2.80550790    
   2.23711324    
  0.739560723    
   2.22761917    
   1.49875879E-02
  -1.29103756    
   1.85359287    
   7.64384270E-02
  0.413466543    
  -1.79454446    
   3.07769012    
  0.815356076    
   1.00337529    
   1.71559930    
  0.898034334    
  -1.40740609    
   3.76454830    
   1.97665358    
   3.57697916    
  0.989748776    
 -0.469687879    
 -0.589151084    
  -1.41832471    
   3.73086119    
   3.06527019E-02
   2.05292296    
   2.22375202    
  0.526635110    
  0.369331956    
  0.640520632    
  0.156787694    
 -0.156403065    
  -1.19492054    
   2.42874861    
   2.44590282    
  -1.12144303    
 -0.738990247    
   1.47411799    
   1.09185302    
 -0.249550045    
  -2.00533462    
  -1.84774756    
 -0.745894372    
   2.16202259    
 -0.730419099    
  -1.08580971    
   2.29348731    
  -2.13381505    
   3.21862388    
  -1.49084139    
   2.61163735    
   9.51666236E-02
  -1.46340251    
  0.911082149    
  -1.14310312    
   3.71767068    
  0.316711277    
  0.732727826    
 -0.217651784    
  -2.19937778    
   7.50732422E-03
   2.82514691    
 -0.128449798    
   2.17938352    
  -2.09693456    
   2.45581865E-02
  0.349542737    
  -1.49531913    
  -2.33003068    
  -1.63082528    
 -0.783555925    
   1.49482894    
   1.84728503    
 -0.157529533    
   1.03249085    
  -2.02581692    
 -0.345347106    
  0.975528240    
   3.10376954    
 -0.600146830    
   1.12824261    
   2.78404069    
  -1.85327578    
  0.492785424    
   1.73601556    
  0.681465626    
   1.37327123    
 -0.894996226    
  -1.84194636    
   8.70622396E-02
  -9.99523997E-02
   1.74349511    
   1.30446625    
   1.73457336    
  0.508167148    
  -2.01751304    
  0.510296047    
  -1.25794077    
  0.170495450    
   2.77449441    
   1.60381961    
  -1.35807276    
   2.95515084    
  0.434281170    
   3.39111543    
   2.25423551    
   1.73696005    
 -0.399850905    
   2.43233013    
  0.105939090    
   2.75885534    
   6.30599856E-02
  0.322124541    
   3.61164784    
 -0.716417491    
   2.00971508    
  -1.51085806    
   2.16438484    
  0.613041699    
   3.46415925    
   2.81101394    
   1.70641041    
 -0.578566492    
   1.35444903    
  0.792012572    
   2.67829323    
 -0.953530252    
   2.35876393    
   3.72513819    
  0.810678899    
   5.13816476E-02
   1.18428504    
   3.60221863    
   3.16878724    
 -0.297178328    
 -0.244542062    
   3.86546350    
   1.97721148    
   3.17086792    
   3.35638499    
   3.38820672    
  0.655654490    
   3.57198882    
  -2.17732215    
   3.61185551    
  0.923174739    
 -0.983879387    
   1.38535678    
   2.72122717    
   1.78149712    
   1.04281425    
  0.169228435    
 -0.909840167    
   3.04501748    
   1.39737642    
  -1.69073868    
   2.37786460    
   2.03356934    
 -0.946023047    
  -1.81231785    
  -2.35045838    
   2.81770349    
  0.979516983    
  -1.03130937    
  0.902847290    
  -1.12710905    
  -1.93082833    
 -0.885667026    
   1.79847932    
   2.19331121    
  0.218251348    
  -1.44866014    
   1.80945611    
   1.71215391    
   1.13598156    
   1.38616824    
   1.62808764    
  0.276068747    
  0.463948846    
  0.694624186    
   2.28894949    
  0.850663424    
   3.00627589    
  0.706117749    
  0.641297638    
  -1.81263614    
   2.17038870    
  0.988023937    
   2.53827214    
 -0.750970542    
   1.58200550    
 -0.203700840    
  0.686416030    
   2.49428892    
   2.25220490    
   3.42081857    
  -1.27509546    
  0.443094045    
 -0.666917145    
  -1.33492398    
   2.89884973    
 -0.526449740    
  -1.20653200    
   2.03353024    
   1.89346313    
   3.43595767    
   1.21944129    
  -1.25238132    
 -0.449112594    
   1.71424139    
   1.07802415    
   1.16339159    
  -1.29693913    
  0.815326214    
  -6.58189654E-02
  -1.00693107    
 -0.667683661    
   1.75726771    
   1.50084674    
   3.42847133    
 -0.204288661    
 -0.657404602    
   7.35563040E-03
   3.90715957    
   2.47624731    
 -0.759732544    
  0.423120528    
  -1.25937939    
   3.48492551    
   1.27564669E-02
   1.38643312    
 -0.506492674    
  -6.03073835E-03
  -2.31160188    
   3.22777987    
  0.988815010    
   3.85603476    
  0.829662025    
 -0.843522727    
  0.167240441    
 -0.670099080    
 -0.371268332    
   2.33423591    
   1.39936209    
   1.65809751    
   3.67650819    
  0.917910755    
   1.74419665    
   2.54739499    
  -1.30887294    
   2.57339263    
  0.826113224    
  -1.14725399    
  0.428678334    
  0.357325524    
  -1.73397803    
   3.14429021    
   2.24627447    
  -2.28593183    
  -1.58285737    
  0.265386105    
   1.63975692    
  -1.30262017    
   1.33753002    
 -0.270775616    
 -0.345725119    
  -1.91282964    
  -2.05332804    
  -5.69355488E-03
 -0.690875232    
   2.11942649    
 -0.396247447    
   1.86201596    
   1.65575552    
  0.266515851    
  0.425709784    
  0.942681015    
   3.53275633    
  0.602052331    
   1.58183956    
   2.21708822    
   2.22079659    
  0.417516708    
  0.481222332    
  -1.40289640    
   1.88817596    
   3.68752909    
  -1.12421298    
  0.876735926    
   2.34601259    
   4.72843647E-04
 -0.256887734    
   1.93457890    
   6.41002655E-02
  0.550770879    
   2.46453500    
 -0.748870432    
  -2.12840104    
   1.15269494    
  0.223438799    
 -0.943416059    
  0.999487758    
   1.86510110    
  -1.02372909    
  0.757195055    
   3.37164855    
  0.351499975    
  0.802039385    
   2.95755386    
   2.27561474    
 -0.959062636    
 -0.780082524    
   2.32966018    
   3.51342893    
  -1.98132157    
   2.21109390    
  0.646222115    
 -0.379539073    
   1.94306064    
  0.634258151    
   2.62512660    
   2.08573937    
  -6.03663921E-02
   1.60570359    
  0.333833545    
   3.26117659    
   1.72861838    
   1.08428335    
  0.351388544    
   1.59188795    
  0.187765419    
   1.82770801    
   1.59525740    
  -2.29474664    
  0.574644685    
   1.76726472    
  -1.49812770    
  0.808376431    
   3.23214030    
  0.309484452    
 -0.826214850    
   2.24145198    
   1.37281907    
  -7.59733915E-02
   3.79354429    
 -0.815595448    
 -0.749500096    
   1.13200688    
  0.735139072    
   1.23357081    
  0.482671857    
   3.73645568    
  -2.34027815    
   3.55835629    
   2.52159071    
 -0.224534571    
   9.12637115E-02
  -1.59103513    
   1.53477156    
 -0.592494547    
  0.245814800    
 -0.562197745    
   3.19200921    
  0.345447302    
  -1.56865549    
  0.279350758    
  0.952039719    
  0.964766920    
   1.72283435    
 -0.237666309    
  0.974966645    
   1.12938237    
  0.939296603    
  0.238560557    
  0.132171988    
  -1.70448041    
  0.364124119    
   1.10191345    
  0.171937346    
   3.08080006    
  -2.26497889    
 -0.706720531    
  -1.37448812    
   1.14408207    
 -0.268141448    
   2.92876959E-02
  -1.78582716    
   1.94604611    
  -6.17818236E-02
 -0.336545646    
 -0.292221129    
  -2.10732412    
 -0.528921068    
   3.87481189    
   2.49186850    
   1.26311481    
   3.33619952    
  -1.36634564    
   1.04006791    
  0.229636014    
  -1.19124269    
 -0.677762568    
  -2.01927805    
  0.917486429    
  0.633843064    
   2.07350516    
 -0.125267804    
   7.05420971E-04
   1.31197989    
 -0.591320097    
  0.911058903    
  -1.75660539    
   1.44513202    
  -1.91983080    
 -0.352691829    
 -0.566981375    
 -0.544617951    
   3.55621123    
   3.92290568    
 -0.162426710    
   1.67365241    
  -1.94531608    
  -4.48209047E-02
   1.18579865    
   2.89014268    
   2.01854706    
 -0.248349607    
   2.22316408    
   4.05418873E-02
  -2.02805448    
  -1.37842155    
   3.07165217    
  -1.61695147    
 -0.201423585    
  -2.26122546    
   2.16202068    
  -2.08366370    
  0.565461755    
   3.44227624    
   1.51726460    
 -0.120883822    
  0.488897264    
 -0.515768349    
   1.19054496    
 -0.649751246    
  0.718870282    
   1.36139429    
   2.28388453    
   1.26336551    
   1.42323637    
 -0.793789208    
  0.646147847    
   3.15325284    
   1.63722539    
   1.31167531    
   3.25050545    
  0.142872274    
  0.528745055    
 -0.967592895    
   1.49219060    
   2.05408764    
   1.26441491    
  0.906506360    
  -1.52921200    
  -1.87995863    
  -8.83245468E-02
   3.77957082    
   1.92886043    
  -1.89832950    
 -0.911270559    
   3.06825328    
  0.816595972    
   2.61284661    
   2.64274526    
  0.816620827    
   2.38107800    
  -2.26488209    
  0.274532914    
   2.57983279    
   1.81564760    
   1.18188035    
  -1.98956084    
  -1.45226741    
   2.34356856    
 -0.866171777    
  -2.20725632    
  0.296411455    
   3.01375556    
 -0.383326232    
   1.46921706    
  -2.06314969    
   1.46558106    
   1.06577015    
  0.985629261    
  -1.45898986    
   1.01755679    
   2.81786871    
   1.46474981    
   1.63675976    
   3.35742164    
  -1.34464574    
   2.98302555    
  -9.60394740E-02
 -0.109896719    
  0.652935266    
  0.759868741    
  -1.44206071    
  0.565662384    
  -8.59525800E-02
   2.40094662    
   3.33893609    
  0.533854961    
 -0.395916641    
   2.17420506    
  0.912587166    
   1.78401542    
   3.01910663    
  0.602505326    
  0.980147243    
   2.04752731    
   2.49116445    
 -0.632399023    
   1.60200560    
 -0.253306448    
  -1.22982740    
  -1.94980025    
   3.57526755    
  -1.33846641    
   3.36578894    
   2.46289968    
  -1.73139262    
   2.05229616    
   2.48371840    
   2.76315475    
   1.99094296    
 -0.382067859    
   3.25223303    
   2.73879886    
  0.844397902    
   2.37563562    
   3.83744216    
   2.02450228    
  0.654156625    
   1.67993820    
  0.842031658    
   1.31716657    
  0.858803213    
  -1.34965205    
   3.10270667    
   2.74881840    
   1.64523721E-02
   3.50680256    
 -0.199256778    
 -0.752699435    
   1.85680199    
   3.82655907    
  -1.78519487E-02
   4.13607359E-02
   2.07734919    
   2.89697218    
  0.815210462    
   2.48765635    
  0.895629883    
   3.10711455    
 -0.974023163    
  -1.77021575    
   2.59061193    
   1.93052626    
  0.655872583    
  0.670144498    
   3.31622982    
   1.36147046    
  -1.37681913    
  -1.48456311    
 -0.102489233    
  -1.33277917    
   2.12373161    
   2.80728483    
   1.65124798    
  0.462895751    
   2.84729123    
  0.995230258    
 -0.740890443    
  0.562909842    
  -2.32036281    
  0.745887041    
  -1.07785773    
  0.687141895    
  -2.16163373    
   1.34519196    
   1.10617411    
  -2.05793810    
   1.86017966    
 -0.313920915    
  -1.18224049    
  0.605130315    
  0.720038891    
  -1.33440733    
  -2.34889460    
  0.383945197    
   1.52413845E-02
 -0.842541993    
  -1.00100946    
   2.22185850    
  -2.24897122    
 -0.675145924    
   2.77437258    
  0.987272620    
   1.74856091    
  0.585411489    
  0.742044866    
 -0.931719601    
 -0.178675652    
   1.53963709    
   2.14664507    
   1.96577144    
  -1.98268270    
  0.900098026    
   3.16168404    
 -0.954778969    
  -1.03582120    
  -1.67210102    
 -0.882049739    
   1.33013654    
  -1.75915956    
   1.13491869    
  0.501480103    
 -0.905385077    
  0.973015487    
   3.05250001    
   2.12901664    
   1.29221249    
  0.949402273    
   2.15887785    
   2.42263675    
   5.59670925E-02
 -0.211757064    
   1.46620655    
  0.117726982    
  -1.95890617    
  0.962504327    
   1.73357081    
  0.234218478    
  -1.34565663    
 -0.442409694    
   1.01637983    
   1.86273527    
  0.146485627    
 -0.145148814    
   3.76831770    
   1.31014502    
   3.15463758    
  0.812396169    
 -0.153340816    
 -0.309839666    
  -3.45981121E-03
   1.38122523    
 -0.936322272    
   3.30234313    
   1.48638940    
   5.30967712E-02
 -0.141598821    
  0.376759678    
  -2.13764024    
  -1.44992924    
   2.75373459E-03
   2.32197714    
   2.03291154    
   1.51834333    
  0.923458695    
   1.77673078    
  -2.18817186    
   3.37156248    
   2.61318636    
  -1.77253461    
  -7.41240382E-02
   2.60259342    
   1.30802774    
 -0.653268754    
  0.681064248    
   2.36106229    
  -2.04745173    
   2.36040592    
   2.81272697    
 -0.511207640    
   3.01659632    
 -0.253260434    
   1.31096458    
   3.31885743    
  0.510829926    
  -1.54653144    
   2.37297559    
  -1.65742588    
   2.96636081    
   1.02881622    
   1.89909935    
   2.07757378    
  -7.19455481E-02
   3.75364089    
   1.69783974    
   1.09821773    
 -0.917823017    
 -0.968503535    
   3.33558297    
   3.55629849    
  -1.09891462    
  0.721464396    
 -0.125878453    
  0.323969930    
   3.57137322    
  -1.53580165    
   2.24057078    
   1.12813485    
   2.27058125    
  0.201012254    
  -1.51061249    
   3.68632030    
  0.827516794    
   1.87074089    
   1.06109262    
 -0.232703984    
   1.31398797    
  -4.83795404E-02
   1.92038536    
  0.517189980    
   1.88093972    
  -1.18794632    
   2.24188995    
   2.30189466    
  -2.15904665    
  0.946520567    
   1.27727795    
   2.77890778    
 -0.718778908    
  0.841871381    
 -0.666507423    
   2.27072906    
  0.129216969    
  0.626661897    
   3.67128778    
  0.119270027    
 -0.889589131    
  0.184324622    
   1.64635384    
  -2.06688142    
  -1.32659173    
   3.03632903    
  0.374972492    
 -0.430660546    
   3.39043212    
   1.46335495    
  -1.50306177    
  -1.89892292    
   1.12185240    
   1.34384131    
  -1.20580959    
   3.33391094    
   1.20778179    
   1.45775878    
   2.60924959    
   3.40985751    
  0.508898020    
  -2.30116844    
   1.25786483    
   1.31228232    
   3.20177245    
   2.59056950    
   2.07907009    
 -0.230755031    
  0.971172214    
  0.924500346    
  0.144893825    
  0.738446474    
   1.81996107    
   1.95728683    
 -0.198589683    
  0.768490493    
  -1.50537944    
   1.98524547    
 -0.629011691    
   1.31743360    
   2.18528557    
 -0.841887772    
  -2.10455298    
   4.64807749E-02
   3.50075340    
   2.42676258    
  0.434058905    
   3.26438570    
   1.07071066    
  0.267815530    
  0.548967361    
  -1.46499062    
   3.58916140    
   3.07842898    
 -0.285585225    
  -1.78979063    
  -1.88940477    
  -1.60028696    
   2.92117214    
   1.54287243    
   1.92218447    
 -0.153235853    
  -2.14817572    
 -0.374908507    
   1.10767543    
  -4.64094281E-02
   1.82879400    
   3.30871439    
   1.34498870    
   1.95692515    
   2.49750543    
  0.912095666    
   3.66505075    
   1.42453814    
  -6.76310658E-02
   1.57987523    
 -0.270394742    
  -1.06861591    
  -1.51714778    
  0.486366481    
   2.24698019    
   2.93262529    
   3.03560185    
  0.637345195    
   3.62306643    
   1.49576223    
 -0.870259702    
  -2.10061812    
 -0.939477146    
 -0.586381853    
  0.139537096    
   3.65162659    
 -0.192921698    
  0.880411863    
  0.802925587    
 -0.192208230    
 -0.775956452    
   1.44240654    
  0.844662130    
  -1.02019787    
  -8.83892775E-02
  0.495990455    
   2.64647603E-02
   1.91174650    
   3.48565841    
   3.29092860    
   3.24595690    
  0.999100506    
   1.00912917    
  0.923846245    
   3.22763014    
  0.524829507    
   1.26253748    
  0.318391442    
  0.557655096    
  -2.22242498    
   3.24523401    
   3.85851717    
  -1.09216666    
   1.03259826    
  0.827905715    
  0.160811782    
   1.45902681    
  -2.10721135    
   1.53903174    
  0.996881008    
   1.52294040    
  -1.09448695    
   3.44535756    
   2.28886390    
  0.626576364    
  0.654654980    
   3.04588056    
 -0.969366729    
 -0.659417689    
   1.63750911    
   3.06342006    
  0.459894001    
   2.46200275    
  -2.19316792    
   1.66772962    
 -0.504144728    
  -1.08045983    
   2.08799958    
  -1.69432425    
  -1.95790124    
   9.15622115E-02
   1.04158568    
   1.96371484    
   2.34874535    
   1.52581072    
   2.43174195    
  -3.04226875E-02
  -1.95897412    
 -0.787846982    
  0.673759162    
   1.61417460    
 -0.395327032    
 -0.310632408    
   2.04018354    
  -1.44213247    
 -0.535183728    
   2.91169691    
 -0.203736544    
   1.58165634    
   3.66231799    
   1.56419897    
   3.52180648    
  -1.43864012    
   2.05377078    
   2.27328324    
  -1.46541047    
   1.37823713    
   3.43773532    
   3.22860622    
   2.61160827    
  -2.20838571    
  -1.19942737    
 -0.326989949    
   3.88570285    
 -0.493093073    
   3.23682475    
 -0.910154402    
  0.345024973    
   3.52460384    
   3.46054292    
  0.812078536    
 -0.176141798    
  -2.15160680    
   2.60790443    
  0.174720466    
  -2.31987524    
  0.209658086    
   1.60579908    
   2.67619371    
 -0.593186200    
  0.722558737    
 -0.190975964    
   1.34022236E-02
  -1.69708371    
   2.00838614    
  0.684606194    
 -0.943623960    
   3.05645776    
  0.303655565    
   2.69038606    
   1.83043313    
  -2.22109890    
 -0.175466239    
  -1.39865327    
  -1.24250054E-02
  -2.35363388    
   1.83706212    
   1.93009806    
   1.04253435    
  -1.78770447    
   2.95210862    
  -1.03409839    
  -1.92573261    
   1.07509530    
 -0.438173831    
   2.17980599    
  -1.07073379    
  -1.29384160    
 -0.903726280    
   1.89056969    
  0.667102098    
  -8.54376554E-02
   8.35037231E-02
   1.75489211    
  0.801254332    
 -0.447155535    
  -2.10202622    
   3.29734540    
  0.248368442    
  0.427288294    
   1.38158941    
  -1.50837588    
   2.77741814    
   2.12474322    
  0.976040363    
  0.585585296    
   1.41046309    
  0.235374093    
 -0.113752604    
   2.83979154    
   1.21613133    
   1.71674967    
  0.520608902    
   3.60933590    
   4.05757427E-02
 -0.251053989    
  0.480578393    
  -1.65115666    
  -2.00376296    
   2.48298836    
 -0.130522788    
  0.954808295    
  0.805542707    
 -0.755459130    
   3.02406621    
 -0.348072112    
   2.36809373    
  -1.64367700    
 -0.980005205    
 -0.636855304    
  -1.69665599    
   2.85433030    
   3.74582958    
   6.38961792E-02
  0.329055339    
 -0.279954016    
  0.894971788    
   2.17317414    
   3.14152694    
   1.28534997    
   1.21590757    
   2.60657144    
  -1.02728009    
   2.35644126    
   8.01771879E-03
 -0.628512442    
 -0.698952734    
  0.126530588    
   1.33102441    
 -0.768646300    
  0.509272754    
   2.48342991    
 -0.961508811    
   1.63899362    
  -1.29624796    
   2.08430266    
   1.18956816    
  0.514223099    
 -0.818458140    
   2.13275814    
 -0.808656037    
   2.79158139    
 -0.150210381    
   3.79632592    
   3.40319490    
  0.862352073    
  0.501930952    
   1.41692591    
  0.734464943    
   1.84011459    
  -1.48485589    
 -0.141409814    
   2.36087608    
  -9.72089767E-02
  -1.10283279    
  -4.69755530E-02
  0.815613627    
  0.174700201    
   3.48212433    
  0.312858284    
  -1.04533315    
   2.16014791    
   3.77633095    
  -2.24232459    
   1.89027286    
   1.17697144    
  -1.25675011    
   9.03052092E-02
 -0.592801273    
 -0.782190025    
   1.30883026    
  -1.19197917    
  0.392388880    
  0.651717365    
   5.41871786E-03
   1.17583537    
   1.91215873    
   2.50481200    
  -2.35091281    
   9.28123593E-02
  0.844112158    
 -0.850319684    
  0.404972553    
  -2.04966068    
   1.22680581    
  0.201715112    
   2.76589441    
  -2.32066536    
  -1.07188416    
  0.373508006    
  0.541853905    
   3.51527071    
 -0.303583562    
  0.109730959    
  -1.06626773    
 -0.848898828    
  -1.08692813    
  0.253868401    
  -1.51616645    
  0.714374006    
   1.70675254    
 -0.822040141    
   2.16224599    
  0.273165703    
  0.917992353    
  -2.21575856    
 -0.433602631    
  0.329168558    
  -1.22384143    
  -1.68598390    
  0.409566462    
   1.24752045    
   3.34259701    
   3.27891803    
   3.38094378    
   1.95257187    
  0.103187203    
  0.819528937    
  0.834084392    
   1.12732315    
   1.41704071    
  -1.51521111    
  0.730278134    
 -0.487089694    
   3.49444795    
 -0.825689971    
   3.64611340    
  0.280848265    
  -1.85735035    
  -2.15857410    
  -1.40337992    
   2.92065024    
   2.94862127    
 -0.254356563    
  0.591015697    
  0.572133899    
  -2.11123252    
  0.547003508    
  0.660298049    
   1.29722774    
   2.65478230    
   2.06381154    
  -2.32041287    
   3.20810151    
   1.04020977    
  -1.81420159    
  -1.71650743    
   1.51801705    
 -0.255813658    
   1.56480491    
  -1.95943499    
   1.16744339    
  0.203518331    
   2.49910593    
   1.57399023    
  -1.00542998    
   3.67901754    
  0.718633056    
   1.07601655    
 -0.160863936    
   1.12226284    
   1.76978040    
 -0.301800549    
   2.49844766    
  -1.94133544    
 -0.915805519    
   2.48321629    
   2.31386542    
  -1.84589171    
  0.789939463    
   2.26412821    
  0.862147093    
  0.812827706    
  0.689862013    
 -0.679963052    
  0.855178475    
  0.286690801    
   2.70596981    
  -2.34631348    
  -2.15020823    
   1.44836199    
 -0.318210781    
  0.574993968    
   1.18223381    
   3.68853831    
   2.05000377    
  -1.02277470    
   1.42204928    
   1.17521644    
  -2.22128534    
  0.310364932    
  0.488339841    
 -0.741629899    
   1.04062140    
   3.87996817    
  -8.78781080E-03
  0.256550729    
   2.97260261    
  -8.73757005E-02
   3.71341109    
   3.35368037    
   2.39301300    
  0.896794081    
  0.598030329    
  0.283761024    
   4.40072417E-02
   3.82459855    
   1.00839543    
  -1.26777101    
  0.434350848    
  0.637875080    
 -0.618632019    
  -2.32837868    
  0.653512359    
 -0.412307560    
   1.39612961    
  0.131983638    
   1.17088568    
  -1.28545451    
  -1.77645159    
   3.44922519    
   3.52813363    
   1.04405737    
   2.22937489    
   2.93743968    
 -0.153591573    
  -1.60221529    
   1.79117441    
   2.01463008    
   1.38793135    
 -0.547132075    
   2.94216299    
   1.17135811    
  -1.23279476    
  -7.43225813E-02
 -0.499376833    
  -2.26324177    
   3.18064404    
  -1.99424338    
   2.19385767    
   3.53237844    
 -0.857144892    
   2.54333019    
   3.11113501    
   1.80541515    
  -2.27256274    
  -2.00845170    
  0.267584443    
   1.24988365    
  0.447936952    
   3.38572788    
   1.34234834    
   1.50163567    
 -0.374832213    
   3.90940905    
  -1.18642426    
  0.593780518    
   1.40381753    
  -2.04450202    
 -0.209223449    
  0.822749853    
   3.69807291    
   2.53740978    
   1.07064056    
   3.87917709    
   1.41745830    
   1.77233148    
  0.498646408    
   1.08040726    
   2.76617265    
   2.85194564    
   2.39493179    
 -0.442377508    
  0.167667508    
  0.536263824    
  0.837077618    
   1.15593958    
   1.88263726    
  -2.25224924    
  0.414808005    
   1.31241798    
   2.76432586    
   1.38039494    
  0.593089759    
   2.26700568    
  -2.00383878    
   1.89417005    
  -1.76087403    
 -0.695233405    
 -0.963171422    
   1.22771239    
   1.60387433    
  0.882013679    
 -0.135015726    
   1.28059673    
 -0.618978441    
   3.09501648    
  -1.80552435    
  -2.01352286    
 -0.469129503    
   1.45144892    
   1.92356086    
   3.71523738    
  -1.20594192    
  -1.60069537    
   3.65706825    
   2.68517041    
  0.284904659    
   1.48733914    
  0.541317821    
   1.91013432    
   1.74403262    
  -1.66889906    
   1.26016104    
   2.73859477    
   2.51178026    
  -1.66812921    
   2.83990455    
  0.160886168    
   1.38702178    
  0.534272909    
  0.623960316    
  0.508341193    
  0.708982706    
  0.756238937    
   2.60055852    
 -0.853171408    
  -1.73809814    
   1.21920979    
  -1.27216840    
   1.12330151    
  0.523234904    
  0.940347195    
   1.02648449    
  0.550069153    
   1.87254000    
   1.21666884    
 -0.103350222    
  -1.55273604    
 -0.309970438    
   1.11716604    
   1.75739765    
   1.29851317    
   2.61302257    
 -0.987378299    
  -1.11402941    
  0.390828282    
   2.80563235    
  0.393119782    
  0.743003011    
   3.42562222    
 -0.562366664    
 -0.530167639    
 -0.138462484    
   2.09641647    
   1.03390348    
 -0.231439412    
 -0.958487332    
  0.724799752    
  0.485075504    
   1.09490228    
   2.14205980    
  -1.75184011    
   3.03957129    
  0.826916575    
  -2.28445911    
   1.07760274    
   1.24672806    
  0.231527030    
  0.277895093    
   1.26110423    
   1.35272551    
   1.82284331    
  0.150451362    
  0.477452248    
  -1.22710109    
   1.87429023    
  -1.04617238    
   9.98786092E-02
  0.842695355    
  0.633840680    
   2.49085116    
   1.47458839    
   1.81666374    
  -1.88412786    
  -1.96994591    
   3.54476094    
  0.131292582    
   1.72290850    
  0.179720938    
  -1.69509530    
  -1.97978568    
  0.559656620    
  0.824135184    
  -1.70151711    
   2.37496758    
 -0.800597012    
  0.620620131    
   1.86927843    
  0.577687621    
   1.77591252    
 -0.551876843    
  -9.26942229E-02
 -0.930180252    
  -1.17871404    
 -0.283111155    
  0.311051548    
 -0.407750070    
   2.06473637    
  0.263525128    
   2.86971188    
   1.21419036    
  -1.75948167    
 -0.185190737    
   2.13744354    
  0.884783626    
  0.146198213    
   2.18325162    
 -0.965629280    
 -0.283735693    
  -1.51663256    
   1.06639838    
  0.431389511    
  0.828228474    
 -0.728383005    
   2.73266411    
   2.10112524    
  -1.09255934    
  0.474194705    
  -1.04300284    
 -0.262885869    
   3.61177540    
 -0.756366909    
  -3.17090750E-02
  0.210769892    
   7.66301155E-02
 -0.511985242    
  0.450848311    
  0.716828585    
   1.64079046    
 -0.220457613    
  0.178833961    
 -0.350952208    
   1.32191622    
   1.82552862    
  0.825205445    
  0.564073563    
  -1.08861494    
   7.17408061E-02
   3.49495864    
   3.30708528    
   2.56181741    
 -0.838358343    
  0.374376565    
   1.26399601    
 -0.430724442    
   1.35944629    
  0.801299393    
  -1.27822495    
   1.31801915    
  -2.03056598    
  0.292701274    
   3.18268847    
  0.241729856    
   1.29792809    
 -0.343344033    
 -0.842480600    
 -0.102537394    
 -0.128525257    
   2.73829246    
  0.948952675    
  0.883537173    
   1.23192179    
   2.07574201    
   1.08210814    
  0.215647340    
   3.55303979    
 -0.750103176    
   1.21215248    
   2.16995811    
  -1.84486485    
   3.90386009    
  0.484472066    
   2.14477515    
  0.823243022    
   2.01480222    
   2.27552676    
   1.12999868    
   3.59937453    
   1.97179580    
   3.02731657    
  0.787257493    
   2.39810181    
  0.516343355    
  0.871123672    
 -0.781488717    
 -0.131444097    
   1.01563084    
 -0.373191178    
  0.925754249    
   2.35412049    
   1.61458421    
   3.47246289    
  0.287336230    
   3.50436878    
  0.842761934    
  -1.30097675    
   1.67778301    
  -2.33051586    
   1.46004367    
   3.51033807E-02
  -1.71107459    
  -1.99362493    
  0.435028315    
   2.74241209    
   3.51255965    
   3.11555147    
 -0.850691497    
   2.51210332    
   3.65358233    
  0.902634978    
  0.831488609    
   3.66954279    
  -1.90586209    
   3.42231870    
 -0.823410571    
   2.09552050    
  -2.02251434    
  -1.99742150    
   1.33708382    
  -2.31034255    
  0.500892162    
 -0.991862118    
   2.13375735    
   1.35873342    
  0.389663428    
   3.30354929    
   3.74626088    
  0.629261851    
   3.85304427    
 -0.254728258    
  0.269842148    
   1.51312935    
   2.70026779    
   3.58152461    
  0.370988548    
   1.03639197    
   1.38794267    
   1.85848618    
   1.46844769    
  0.895724118    
   1.84404373    
  -1.27182007    
   2.37231779    
   2.42733145    
 -0.187549293    
   1.95625210    
  0.942663133    
   1.49989569    
   2.65056562    
   1.98531699    
  -1.46911931    
   2.80076289    
   1.08305359    
   1.68969321    
   1.17450213    
  0.185829222    
   2.59020948    
   2.14839363    
 -0.593702376    
   1.47659969    
 -0.174031198    
  -1.49958873    
 -0.165549636    
  -1.46423244    
   2.69648409    
  0.595920861    
 -0.776177943    
  0.770344257    
   2.10246396    
  0.275677979    
   2.00468206    
   1.92420888    
  -1.19456506    
 -0.720272958    
  -1.67493844    
  0.961667061    
  0.387169570    
  0.268475831    
 -0.137840748    
  0.955571651    
 -0.779058397    
   3.64131594    
 -0.328567088    
  0.474346966    
   3.57204747    
 -0.634338558    
   2.76955700    
   3.10325122    
   3.89864230    
   1.66406965    
   1.02740002    
 -0.976196229    
  -1.02098036    
  -7.39921927E-02
   1.77030778    
 -0.483817279    
   3.09590173    
   1.52630448    
   3.45881510    
 -0.542058885    
   3.07894158    
   1.31427860    
  0.938373446    
  0.334923238    
  0.985306859    
 -0.892972648    
   1.93747067    
   3.17751718    
   2.68047285    
   3.34876418    
  -1.66715312    
 -0.385729611    
 -0.430563509    
   3.86471486    
  0.312150836    
  -1.84249854    
  0.283475220    
  0.222005367    
 -0.956577122    
  0.386231005    
   1.09848046    
 -0.625734866    
  0.329035461    
   3.26777029    
 -0.293634951    
   3.35571408    
   1.40794134    
  0.864731252    
 -0.762024939    
  -1.70509958    
  -2.33907294    
   3.66651177    
  0.463032305    
  -1.01150441    
  0.802135825    
   1.38618815    
  -1.12571549    
  -1.44965672    
 -0.543195546    
  -1.13759303    
   1.31107378    
 -0.113392115    
   2.50071621    
   1.12168860    
  -7.06797838E-03
  -1.85134387    
   3.32031178    
 -0.147307098    
  0.645603538    
 -0.475743234    
   2.06817126    
 -0.287233770    
   3.13646531    
  0.932426989    
  -2.20693898    
   3.83324027    
  0.159763277    
  0.985732615    
   1.77161264    
   3.35726476    
 -0.898303926    
  0.450690597    
   1.06142962    
  -2.07901287    
  -1.35367036    
   1.93181491    
 -0.805984437    
   1.06941724    
  0.713275433    
 -0.647650659    
  -1.55405807    
   3.66147470    
  -2.23032618    
   1.77977967    
 -0.743346870    
   3.10904479    
 -0.238244116    
  -1.55344915    
   1.39245462    
  -1.43436623    
  0.796532750    
   3.92081451    
  -1.55398703    
 -0.871630847    
   1.40355504    
   3.30838370    
   2.69481254    
  -6.06870651E-03
 -0.690898359    
   3.56576324    
  -2.19415736    
  -1.07960105E-02
  0.384401530    
   1.26771712    
 -0.898085535    
   2.22546673    
   2.46803260    
  -5.69421053E-03
  0.415844440    
   1.24702930    
  0.779088199    
   1.86031532    
  -1.09078169    
 -0.458188236    
 -0.509495318    
   9.12531018E-02
  -2.27783751    
   3.31529975    
  -1.44933653    
  -1.56774449    
  0.244456172    
 -0.862714589    
 -0.303887308    
  -1.66514349    
  0.679554999    
   1.14859557    
   3.28317428    
 -0.938844740    
  -1.45374084    
   1.24132490    
  0.881860912    
   1.29829955    
 -0.223960578    
 -0.476980984    
   1.35151243    
  -1.90001798    
   1.19476926    
  0.512271404    
  -1.30564380    
  0.400606215    
   1.78654194    
 -0.232012689    
  -1.15359759    
  -2.24365163    
  0.502870798    
  0.804090738    
   3.62403679    
   2.83448458    
  -1.17279053    
   3.60296631    
   1.65248513E-02
